82 196
4 763
36 286
29 171
95 199
87 845
70 159
76 508
5 35
12 235
30 547
78 105
72 275
92 757
90 648
54 279
58 661
36 864
1 778
21 735
55 403
36 195
28 1008
98 442
14 108
49 148
46 913
45 663
34 860
6 753
59 608
16 1012
49 129
71 371
81 714
47 638
25 746
9 55
85 318
99 395
11 886
30 917
13 402
36 500
82 936
47 213
48 411
27 713
35 753
88 751
10 633
82 257
69 815
32 199
60 448
35 982
82 786
72 296
88 420
99 893
8 242
5 829
41 451
35 102
28 963
73 970
92 414
28 699
64 469
83 552
19 290
18 270
96 670
69 338
96 694
55 974
75 483
47 271
18 539
64 157
97 145
15 171
81 244
88 520
77 142
50 440
77 556
68 325
71 952
2 698
93 210
88 994
69 837
35 822
83 431
15 315
56 217
59 62
93 989
93 362
65 845
23 542
14 905
81 386
82 601
78 281
20 402
98 263
70 1046
100 1044
68 1008
1 614
42 542
3 117
47 946
40 285
8 254
73 1042
11 98
94 591
9 787
69 853
17 148
85 571
71 240
34 574
78 511
28 979
70 843
94 800
26 756
40 448
86 751
48 496
67 529
16 269
29 94
44 65
76 643
30 632
29 36
10 734
81 141
30 99
5 885
43 115
66 309
36 721
63 282
70 205
93 1050
74 664
61 309
61 887
53 247
13 112
85 526
46 479
53 531
94 149
87 756
83 183
8 420
94 441
14 268
25 219
69 528
18 450
24 309
60 315
10 463
71 171
7 674
70 926
2 994
12 960
97 966
31 201
53 550
62 280
52 976
8 176
49 51
50 321
59 351
55 768
94 896
72 749
92 590
20 214
38 260
8 601
95 650
8 773
41 99
7 605
62 576
68 229
8 991
66 148
24 94
77 146
87 969
31 444
16 980
73 325
75 683
6 640
11 440
85 682
73 608
41 998
34 243
86 819
41 285
34 439
17 704
83 390
59 382
97 1055
10 19
59 695
73 175
10 560
28 546
34 169
45 947
9 909
32 410
37 198
57 910
70 790
39 665
84 625
2 685
71 377
85 191
18 288
15 926
14 774
71 230
35 323
78 293
92 443
27 730
82 955
34 551
63 320
7 101
82 515
36 81
1 342
99 232
82 350
21 780
57 621
91 528
72 81
15 92
89 1014
20 578
5 859
48 644
71 222
56 186
6 321
47 967
6 926
46 261
88 343
86 191
46 844
72 977
53 1050
80 847
20 967
31 916
21 1020
23 925
53 78
23 777
43 844
53 874
86 970
95 925
32 305
21 827
90 200
49 942
5 884
61 288
26 862
59 417
40 880
30 258
4 679
25 433
43 328
9 999
99 384
45 701
66 475
87 950
69 408
4 122
34 216
75 1060
34 73
14 624
56 409
94 899
41 487
78 601
15 409
74 268
33 78
91 537
1 533
69 772
93 1055
95 849
86 287
47 488
9 980
86 1028
43 681
41 720
16 753
39 558
40 722
53 387
52 765
38 605
17 213
54 734
49 742
96 1020
23 653
73 381
52 613
1 312
37 252
56 860
75 696
84 413
60 512
57 748
28 551
61 873
95 268
85 171
37 564
85 733
80 423
12 850
97 337
87 404
29 854
26 176
4 51
32 518
79 949
99 173
59 483
81 670
25 760
90 483
64 473
32 183
84 788
1 915
97 978
99 1005
14 811
55 279
23 846
90 620
60 111
72 327
16 483
18 838
60 743
68 640
77 401
97 1009
57 684
93 1006
65 501
71 527
21 782
61 521
34 803
32 892
82 365
99 895
67 563
81 325
36 486
10 740
37 277
35 378
41 955
70 152
18 172
30 422
89 245
91 310
9 433
53 391
70 547
54 117
27 879
54 452
99 697
90 110
98 687
49 537
1 966
46 351
97 496
54 605
96 848
70 889
78 997
29 528
29 308
56 553
4 402
44 728
87 904
52 793
22 882
60 1001
17 654
69 96
51 657
73 751
4 89
83 521
18 905
60 246
7 273
49 384
28 493
42 387
98 998
49 333
97 1071
54 312
11 492
3 770
70 123
45 274
84 154
100 1080
84 125
97 128
32 236
3 639
20 264
17 501
86 203
73 1043
28 504
90 352
99 476
22 642
78 1064
96 831
15 811
21 1008
40 150
75 101
40 629
87 1016
49 455
92 295
10 616
89 939
81 329
14 727
99 407
88 702
16 831
73 874
6 361
69 507
85 464
9 527
83 432
2 871
54 896
63 171
56 1039
47 697
59 783
20 465
23 774
67 1055
84 360
79 906
69 862
62 538
56 901
94 700
35 365
32 882
12 297
58 307
97 572
73 697
86 474
44 73
64 935
42 228
63 280
46 862
34 382
36 937
77 795
36 605
2 531
25 112
31 768
53 553
72 848
31 738
61 722
92 594
58 869
3 98
38 264
52 760
32 345
85 680
48 532
71 614
45 480
96 659
43 403
90 554
35 348
33 269
16 754
25 348
16 776
69 1042
98 804
24 220
28 784
62 345
93 696
98 635
77 366
13 865
25 328
30 399
23 332
2 727
69 198
36 82
7 573
38 752
17 670
97 599
14 907
2 589
37 517
62 513
44 232
7 265
62 178
9 419
63 138
74 718
88 142
20 172
73 1044
39 126
32 153
72 854
54 674
77 886
80 311
100 635
49 510
57 361
76 515
40 622
80 141
79 1062
95 196
98 310
81 297
34 710
11 171
31 208
71 147
21 23
53 514
89 697
61 359
5 242
37 760
37 756
59 131
88 327
34 840
81 684
85 908
26 461
15 572
29 692
20 950
35 881
19 92
8 177
40 649
96 940
73 1016
37 486
16 495
89 400
90 502
35 547
70 575
57 139
77 117
56 808
42 660
33 59
12 246
87 943
74 675
3 786
87 928
35 625
6 787
97 276
61 592
84 536
36 221
75 521
82 915
63 1055
12 493
45 463
43 371
86 193
21 358
53 763
64 359
85 1052
52 885
98 661
5 470
12 334
33 364
15 1008
99 512
66 910
1 674
70 543
53 108
25 555
47 684
97 607
81 533
98 150
27 300
71 205
37 485
90 586
16 45
81 704
31 757
21 339
71 85
71 488
12 242
15 487
16 679
20 530
92 390
66 788
35 460
62 545
32 499
71 219
50 245
77 597
96 996
18 902
9 291
99 907
54 402
65 338
1 290
93 398
76 669
85 586
20 477
69 564
45 385
71 852
70 456
59 1014
42 932
25 739
31 616
50 289
100 520
6 331
96 580
91 1026
49 444
85 896
84 239
64 1051
5 134
65 1053
76 415
13 908
57 159
68 1000
59 74
93 240
53 944
84 1077
20 96
61 861
34 380
80 789
51 716
11 883
43 915
87 966
69 458
41 682
92 1000
98 597
70 106
80 150
31 677
88 1031
37 269
96 188
56 156
98 746
91 984
13 467
22 732
39 964
4 51
42 857
8 308
46 429
56 205
32 575
53 632
88 899
24 198
23 103
79 970
49 683
88 334
64 998
75 221
30 502
82 342
59 320
86 95
60 982
37 730
70 231
10 462
45 646
39 693
55 761
33 500
39 242
50 923
62 171
31 421
74 441
74 376
90 392
3 852
85 490
36 44
73 958
88 884
96 1092
7 939
78 841
64 916
37 831
30 651
46 270
82 276
80 336
87 860
93 878
85 782
18 661
13 938
81 742
6 322
57 91
75 448
94 228
12 943
38 372
96 521
23 228
17 822
70 967
47 590
65 1000
35 885
22 285
62 1052
38 802
44 867
15 494
10 154
97 1086
29 909
87 828
87 493
72 446
12 821
51 65
34 583
16 481
48 736
96 784
34 632
49 891
82 1044
48 158
87 326
61 86
80 985
72 407
79 305
83 147
82 925
60 991
90 399
84 502
15 158
6 974
5 316
64 182
13 253
69 207
50 514
48 734
96 809
70 499
76 836
94 252
54 724
13 866
63 693
53 1014
36 69
89 468
28 482
57 1030
31 906
47 148
88 464
70 993
83 450
8 415
36 230
16 987
59 152
85 302
83 737
77 1071
3 54
43 292
17 822
73 283
9 858
98 665
27 627
28 860
30 366
100 251
77 79
36 915
19 152
70 326
23 135
85 972
4 138
2 368
31 633
42 58
23 294
7 136
95 526
68 184
96 161
61 520
100 470
66 673
14 476
65 291
79 123
94 896
85 618
39 508
83 1070
4 66
62 929
52 488
88 198
63 792
57 132
11 340
78 229
9 138
36 675
82 681
71 800
42 432
77 620
38 502
65 684
56 157
90 207
84 750
99 663
93 979
28 468
58 967
30 453
44 891
59 467
54 801
13 333
55 375
86 347
48 1024
20 723
61 129
12 863
11 106
56 154
96 852
48 879
17 586
8 608
72 647
43 729
16 436
46 940
86 1049
97 530
93 145
37 651
40 400
14 605
65 282
20 692
62 291
14 372
72 448
15 795
36 623
29 855
55 920
72 1069
99 937
80 708
87 745
72 98
78 1029
85 934
89 362
4 188
35 754
98 414
44 403
1 186
19 598
85 495
9 154
95 743
4 97
96 639
28 413
54 518
44 205
48 367
93 425
100 1064
73 683
11 915
7 166
21 793
80 130
87 170
35 488
85 519
63 684
57 481
35 255
97 621
15 368
56 169
37 731
87 694
63 602
86 401
6 231
51 664
8 15
27 335
28 813
18 800
33 329
42 164
1 510
96 536
23 155
49 594
91 326
65 637
86 911
46 119
51 933
95 138
56 75
59 1002
10 892
41 630
55 642
52 778
82 509
38 155
52 73
42 217
80 551
89 1030
47 137
56 920
14 263
56 659
52 588
11 416
40 803
44 270
43 840
22 100
66 714
15 558
66 264
100 457
45 789
83 917
19 260
14 163
33 235
23 639
20 798
98 769
10 191
99 742
64 539
97 674
98 691
58 755
73 731
82 721
42 926
81 404
20 470
9 489
57 703
39 854
36 641
8 368
65 140
40 512
58 96
8 385
37 115
83 967
12 641
77 596
50 523
75 642
95 1012
6 466
74 741
25 354
78 565
65 219
8 469
14 844
44 775
11 527
83 259
6 259
91 539
57 593
67 691
21 393
48 987
37 433
53 846
44 739
77 130
81 743
43 110
43 139
72 766
50 340
33 774
85 1072
78 972
20 361
11 607
85 229
45 362
84 799
85 486
17 626
91 1051
11 328
72 457
83 893
43 875
17 703
90 938
95 796
68 163
83 769
55 575
47 65
47 363
24 997
28 377
99 596
25 256
18 176
10 312
13 532
99 651
95 999
68 106
85 429
99 731
17 628
49 206
21 206
89 878
80 908
22 760
57 101
53 426
87 823
31 1023
57 682
37 807
96 898
58 297
69 313
40 1028
61 986
25 401
87 1056
74 525
60 847
37 833
49 563
68 496
21 857
26 846
78 219
33 86
83 575
48 615
14 742
67 938
16 307
11 792
21 300
58 985
66 216
56 149
29 865
58 963
45 997
4 428
7 412
65 447
31 426
11 394
29 57
41 994
13 872
92 757
43 853
19 159
5 298
61 773
18 795
91 571
58 688
1 928
11 30
33 253
20 581
94 717
68 501
15 809
37 280
39 163
7 251
54 708
80 548
9 122
64 675
69 85
81 608
74 321
92 239
38 477
1 630
46 292
74 500
24 704
86 173
68 1066
47 116
68 625
65 870
65 632
3 402
61 105
82 478
48 307
96 112
46 853
9 362
31 781
85 728
14 804
75 827
97 437
18 63
46 605
44 877
83 262
100 801
60 772
62 708
24 854
18 82
92 886
59 96
38 244
6 816
26 933
6 329
40 567
51 885
70 554
33 70
97 759
25 317
46 928
100 148
84 423
35 162
48 495
52 813
57 973
50 397
24 532
89 598
48 994
67 340
11 755
55 135
56 672
24 582
38 366
14 95
42 718
38 351
58 675
92 528
22 728
57 416
58 101
94 984
46 675
56 337
82 892
8 84
86 738
52 424
66 886
96 791
21 996
4 150
78 772
57 92
17 85
31 828
83 458
47 439
73 106
78 235
87 547
48 428
57 838
10 597
18 560
47 454
41 706
36 291
15 41
95 285
64 594
50 985
72 192
34 827
34 754
58 277
79 371
89 1027
63 267
16 154
10 472
23 943
92 547
12 841
88 1078
41 724
45 771
9 572
70 367
39 910
21 749
91 1040
90 743
23 835
47 567
29 153
26 837
18 260
64 90
47 614
74 451
60 882
71 203
79 984
12 79
40 447
92 828
62 600
53 840
53 896
74 149
17 1012
41 698
10 470
60 756
67 419
17 916
100 664
82 683
24 810
17 460
65 997
8 859
16 546
20 331
22 187
42 999
91 321
45 1015
67 983
37 903
11 267
26 676
71 352
17 657
39 668
69 164
65 721
22 628
75 232
22 696
80 817
78 423
73 115
4 87
6 977
83 872
74 345
84 299
99 684
54 686
82 113
64 974
81 639
38 695
39 533
32 856
88 503
39 503
10 715
8 169
57 482
62 537
27 375
78 225
41 923
92 418
94 975
45 1043
52 185
98 477
66 641
14 340
31 508
16 289
58 311
19 118
7 304
50 934
79 507
32 1017
21 854
42 998
74 812
41 235
98 261
64 591
60 570
40 549
3 95
51 568
59 1048
31 251
75 436
7 58
37 543
77 980
84 772
61 353
69 77
14 455
18 921
34 778
47 829
52 426
6 416
7 590
72 271
47 613
37 112
50 566
58 840
71 357
80 776
79 200
17 1015
13 416
48 861
44 615
47 820
19 222
78 599
52 564
6 52
5 145
92 433
61 592
59 211
78 992
66 209
42 995
79 405
21 423
79 836
39 646
44 563
66 611
63 788
73 379
61 896
3 380
43 732
15 441
75 390
93 986
89 733
4 615
61 332
84 885
100 692
74 307
93 145
75 566
22 558
81 819
80 873
49 200
88 336
5 591
90 202
25 44
57 378
54 209
53 760
27 447
65 858
79 1021
61 954
95 839
8 730
18 549
27 601
42 720
62 600
49 370
23 493
69 419
70 432
87 877
93 790
83 905
89 359
79 574
25 1005
32 317
72 377
29 993
39 828
37 758
27 733
91 591
41 532
45 618
93 373
37 161
74 766
70 458
51 889
45 1022
99 922
19 316
6 300
92 172
45 991
57 728
33 798
62 281
26 873
69 346
72 784
35 175
14 644
95 695
31 279
7 692
68 299
82 320
7 109
53 391
92 575
13 710
99 239
1 988
71 1022
21 437
84 1041
61 549
84 288
97 1084
37 365
37 698
8 937
99 190
84 671
30 577
95 835
5 940
23 450
23 979
5 861
51 857
64 254
96 1081
38 935
5 14
39 620
78 187
43 334
59 715
70 606
64 974
18 889
65 544
35 232
15 353
21 769
59 722
33 768
24 38
95 440
38 619
87 862
25 204
79 955
82 1000
52 898
55 582
42 130
52 737
13 202
18 506
42 1000
32 38
34 426
31 488
97 370
43 352
75 815
74 85
34 703
47 756
31 94
86 207
60 374
21 436
88 602
91 879
40 746
16 670
38 414
79 305
29 1009
18 507
20 485
96 716
48 473
90 652
61 836
69 890
86 931
28 808
32 728
97 707
11 549
58 598
91 461
10 949
73 187
8 856
71 995
65 272
74 623
20 188
42 916
67 519
15 711
27 761
75 575
12 932
66 522
8 472
17 542
54 521
73 132
72 545
87 913
40 780
3 408
33 869
1 764
28 620
10 56
55 407
90 155
70 131
9 965
61 93
37 455
24 811
18 802
83 829
83 1069
54 437
49 508
49 433
11 710
85 980
70 206
84 964
45 166
23 573
51 592
17 762
29 883
1 775
3 308
60 749
93 650
55 599
49 892
30 283
59 413
20 302
25 984
93 876
15 47
85 514
79 863
3 249
27 95
13 621
5 462
77 765
91 984
7 257
95 140
52 501
30 582
28 800
100 157
18 533
38 277
94 683
41 632
77 868
87 925
42 284
39 936
19 695
67 293
53 360
36 98
72 1043
76 976
95 1028
23 664
87 524
72 579
7 1002
45 1009
83 770
49 853
68 394
90 516
53 205
39 424
24 796
69 553
31 900
29 336
91 238
60 996
8 583
53 1044
54 624
68 205
50 298
33 241
43 705
11 955
58 925
48 142
69 810
25 77
35 421
87 706
78 118
10 202
98 699
93 780
72 294
62 275
43 353
2 218
25 1010
95 215
96 868
62 998
32 744
78 798
27 433
31 596
42 836
37 426
60 606
84 451
40 307
47 572
64 541
13 835
93 573
98 957
41 977
27 406
41 464
6 582
29 788
19 35
34 600
75 668
93 520
38 194
26 363
30 418
73 926
32 543
71 741
88 433
33 814
63 1052
93 750
95 597
59 231
94 908
46 219
18 755
70 570
24 962
70 727
8 544
5 864
10 977
86 135
98 104
53 193
81 317
9 733
20 29
28 545
59 441
8 640
82 764
79 1013
62 737
63 79
1 545
71 492
2 19
68 807
36 584
37 54
65 897
90 780
56 881
23 132
13 549
20 266
25 659
68 326
46 319
51 131
48 1030
52 522
73 322
90 321
39 739
11 680
84 861
5 100
52 440
49 614
61 118
82 91
90 265
11 522
56 716
43 622
13 929
68 1009
6 241
28 950
89 997
73 559
35 82
10 710
36 956
70 647
85 118
23 974
41 57
27 628
19 789
92 932
51 1002
10 316
21 598
31 611
50 743
70 409
50 823
95 238
89 830
11 523
96 1093
45 99
13 460
30 888
10 358
78 865
79 1056
77 483
100 434
4 653
35 837
58 560
30 394
71 1034
49 491
24 720
75 751
49 136
99 732
38 855
32 762
10 94
35 192
49 777
82 239
95 493
41 410
14 107
1 966
40 495
47 826
35 139
17 106
24 465
58 628
72 596
53 158
4 95
46 613
12 623
77 880
42 926
50 62
38 461
50 847
11 753
72 998
32 617
67 240
88 477
22 164
35 343
35 539
19 83
22 467
36 467
39 534
10 379
33 999
32 770
81 588
77 708
26 494
14 152
39 45
51 391
80 469
43 493
43 483
84 1081
77 216
39 367
78 1048
89 294
62 383
23 1010
51 1042
41 339
95 806
82 584
74 874
32 365
49 336
51 424
15 969
73 277
76 634
24 722
99 662
4 979
94 566
91 305
57 873
38 889
89 159
53 742
64 206
82 392
31 289
85 242
92 525
49 124
58 670
62 658
52 599
65 1010
89 517
70 107
47 765
69 677
82 1018
11 122
99 353
85 765
46 216
83 710
6 582
83 776
83 492
97 436
56 164
2 102
34 261
66 830
67 638
75 779
74 300
58 441
51 525
99 794
76 783
65 219
45 70
62 169
38 463
11 129
94 239
45 364
44 510
27 560
62 418
61 160
57 796
90 553
41 109
39 84
91 208
3 872
44 707
14 707
22 974
95 344
67 245
71 234
43 616
55 1036
60 297
52 696
24 214
82 755
56 461
4 759
79 983
26 486
76 515
50 54
91 310
27 312
97 817
9 600
14 832
69 260
47 380
26 494
15 283
86 969
63 603
82 402
77 474
79 480
76 192
45 405
59 691
23 856
87 809
39 979
79 683
11 699
18 338
16 260
40 159
24 406
89 233
66 463
54 664
18 606
50 483
24 522
82 632
89 1030
83 1036
23 591
22 523
37 180
24 346
58 692
7 893
46 1020
2 498
18 217
50 1036
72 589
84 590
53 754
63 488
91 951
57 557
22 106
73 104
98 323
38 71
36 266
69 364
22 821
59 638
96 887
99 606
71 594
15 601
15 289
100 656
47 602
97 139
98 834
57 616
28 463
14 767
84 853
32 336
5 465
34 390
12 461
16 810
31 245
95 697
89 448
91 715
81 519
22 652
18 821
27 860
27 851
8 591
45 590
36 647
69 241
42 762
38 334
74 347
66 987
87 921
13 151
97 901
53 993
8 291
84 213
90 976
17 272
19 747
42 890
32 811
87 489
63 208
74 721
35 677
54 438
58 135
82 895
99 194
52 579
96 380
89 1047
48 513
63 398
75 77
100 967
94 189
94 1089
59 709
86 800
46 916
9 823
69 476
28 1019
55 899
28 534
35 365
37 382
71 662
17 596
63 870
44 959
88 868
7 54
13 654
59 75
16 967
21 472
59 59
55 262
89 1020
17 920
84 393
21 916
36 131
84 453
33 117
48 728
84 253
7 412
81 393
93 809
97 336
55 726
12 732
13 14
28 516
10 145
76 307
67 763
57 66
2 714
44 880
16 896
55 765
17 506
10 244
50 141
94 919
14 119
41 417
39 179
49 841
97 992
18 674
87 233
9 552
73 81
79 744
22 472
45 784
28 671
96 251
53 683
88 541
28 116
13 156
97 223
76 823
50 409
55 377
18 271
36 696
11 265
71 686
77 815
78 369
100 1063
89 116
85 981
39 249
67 688
66 259
96 497
38 699
7 809
31 537
50 165
31 542
82 690
10 550
2 371
41 176
50 931
73 503
47 606
88 264
98 580
99 173
3 604
9 23
34 254
6 950
8 979
51 569
37 680
92 605
99 524
55 773
52 136
82 631
69 699
20 304
11 328
11 534
27 1024
20 569
42 442
76 725
98 952
84 781
83 150
40 755
56 803
31 90
32 120
56 174
59 685
78 134
40 722
95 768
95 274
16 28
91 231
90 101
21 529
45 580
67 868
93 358
22 402
17 784
100 994
35 785
16 805
4 347
55 333
68 133
34 763
74 716
10 518
59 582
47 103
64 943
73 243
48 209
33 824
14 929
74 764
93 211
30 788
66 68
6 885
2 252
6 489
47 439
20 203
5 571
92 850
84 513
29 358
32 458
93 420
35 880
10 595
48 170
65 754
7 190
29 852
67 114
52 122
60 946
37 829
40 375
12 578
59 67
48 253
38 615
39 796
80 328
60 437
76 1071
64 855
100 300
94 1016
70 848
32 186
1 955
53 77
30 584
45 696
89 987
2 975
43 44
98 771
49 918
95 839
40 146
27 569
31 460
63 1047
8 1003
19 747
36 131
6 949
30 948
67 489
90 1007
48 517
96 182
75 172
65 201
82 921
51 127
76 657
8 453
85 1072
17 259
38 305
41 989
51 768
95 429
41 504
35 274
10 976
26 165
100 888
75 186
20 128
22 482
60 381
53 176
69 435
99 311
58 373
60 331
16 108
21 847
88 399
91 804
78 119
28 883
42 193
12 740
32 1023
46 451
66 116
87 393
34 873
23 54
52 927
58 627
96 659
32 128
60 164
18 142
2 65
100 327
17 219
52 433
88 733
83 169
75 675
34 973
10 32
9 211
83 537
17 111
43 168
6 970
60 111
22 968
74 517
93 497
64 94
49 748
55 231
46 265
24 305
36 492
20 55
79 713
79 330
83 385
64 485
71 561
8 97
36 428
18 447
26 684
68 323
81 902
70 883
3 394
92 459
62 619
63 415
73 587
42 439
35 219
4 330
77 301
4 921
100 387
8 836
61 603
46 831
75 313
21 123
32 704
31 303
69 904
95 152
98 1068
29 618
50 413
23 203
31 637
41 866
95 809
46 981
76 104
91 808
46 1016
73 650
19 595
25 881
64 619
40 219
63 101
12 69
30 646
29 49
68 557
1 340
79 285
17 365
92 273
42 102
3 154
76 797
19 811
15 881
68 949
47 1030
10 392
91 1055
85 490
76 179
44 353
42 181
21 770
56 866
82 1065
63 727
41 219
91 1082
72 782
79 884
46 274
86 689
23 410
40 791
89 390
17 198
94 95
90 1061
74 474
99 1087
73 106
24 640
41 984
79 305
82 661
14 973
64 208
43 806
10 253
45 372
22 673
12 853
91 777
82 828
43 500
2 273
27 282
89 158
45 307
14 751
1 50
50 498
94 523
22 927
53 557
49 408
70 454
13 861
62 869
74 740
98 801
29 195
58 133
5 306
3 329
34 1008
14 89
44 218
49 213
94 170
71 1035
12 358
77 705
62 783
4 445
84 252
78 989
56 216
7 110
43 253
25 444
90 657
93 1040
94 647
34 710
37 341
31 129
7 409
74 636
63 220
7 376
1 438
12 313
85 725
77 568
26 125
4 215
22 675
38 1038
11 495
15 330
51 533
63 979
85 356
12 669
70 466
24 403
49 427
24 480
6 275
57 533
34 265
35 612
8 162
97 810
86 185
11 695
45 872
70 493
97 700
30 596
8 868
50 888
67 495
69 772
61 647
31 518
39 119
51 975
92 127
65 649
67 886
74 767
80 230
16 988
97 556
23 994
22 1017
28 855
25 154
6 439
11 710
56 262
81 232
77 341
41 973
94 1030
9 98
50 619
51 616
42 919
36 568
59 998
2 807
90 728
76 611
54 169
54 207
19 599
76 672
98 1085
13 960
14 590
100 203
37 925
69 970
45 943
53 323
50 720
63 648
78 562
5 181
36 448
19 652
78 775
89 500
5 410
43 750
31 81
96 582
35 953
48 68
44 881
39 357
36 899
63 941
90 791
13 1008
30 167
39 1036
96 549
100 945
42 317
94 520
78 739
12 204
57 273
53 811
63 840
67 955
48 888
8 535
21 88
40 766
65 478
18 817
68 968
73 102
23 220
26 883
8 263
5 472
7 947
47 768
26 306
48 891
60 577
51 701
16 713
4 251
48 548
77 533
23 1006
61 661
71 429
45 212
34 800
89 181
37 65
50 100
21 895
74 872
28 905
29 691
29 722
27 302
84 503
66 86
100 1090
99 797
2 487
17 679
23 638
2 231
33 655
40 769
91 749
36 469
49 921
45 515
33 256
60 369
87 620
80 486
75 179
1 524
85 1074
48 622
83 691
78 367
39 739
14 507
9 353
36 691
42 924
36 303
84 812
84 389
25 178
67 850
31 952
8 832
77 490
85 412
88 231
93 119
84 593
38 303
54 468
50 804
5 602
91 676
25 376
93 823
29 731
69 722
61 989
86 453
65 372
22 882
85 982
72 257
38 137
61 192
95 359
93 920
72 853
24 993
88 1009
43 713
12 239
46 274
96 988
40 470
43 423
34 633
38 512
16 497
7 894
82 679
75 1041
80 152
61 971
25 537
16 904
88 478
68 373
53 108
20 160
26 376
53 636
59 205
41 924
92 276
100 182
63 403
81 262
41 690
8 12
58 338
27 806
100 272
74 856
21 522
98 896
12 144
79 523
82 521
52 491
62 454
1 39
69 273
94 476
2 915
42 817
68 263
3 695
1 642
94 348
29 739
45 364
17 122
50 565
76 389
22 88
6 311
38 504
94 626
77 613
44 488
88 225
44 967
63 430
97 289
22 992
52 71
30 259
94 228
28 779
3 606
65 238
16 391
92 758
5 389
82 343
99 646
80 129
77 126
85 195
84 940
3 52
89 207
54 508
49 175
71 329
61 779
20 230
89 791
81 90
39 469
85 188
85 617
35 672
78 795
18 446
14 537
93 725
16 305
15 818
14 523
26 649
26 822
34 885
67 1063
26 392
91 510
38 202
6 567
64 996
27 731
62 400
31 33
2 689
12 940
15 870
74 759
64 216
12 810
66 142
93 833
13 939
33 692
30 497
38 308
60 111
13 845
23 918
6 878
38 406
87 407
55 811
15 112
98 1009
6 15
18 697
83 257
43 409
57 1035
80 354
94 189
48 882
44 231
15 425
52 1037
59 337
50 756
62 881
54 718
22 137
17 729
93 153
21 127
54 987
76 570
73 767
57 242
79 467
100 467
79 108
88 989
94 1090
17 511
63 178
53 504
6 70
34 704
41 53
91 980
87 624
99 860
74 815
73 302
86 980
44 575
67 771
90 723
13 456
85 829
32 525
45 724
87 743
50 202
72 985
79 134
2 660
21 538
61 933
64 954
22 98
97 600
42 288
43 1036
36 87
65 293
71 729
49 461
31 111
59 513
74 532
12 889
64 521
41 162
64 827
84 102
14 427
53 89
72 634
1 846
12 822
78 1064
80 732
39 950
66 641
27 697
86 553
44 416
7 843
29 893
59 398
72 857
80 694
61 794
85 457
92 555
15 114
98 772
29 31
44 407
82 1069
38 598
67 449
90 198
6 924
22 526
18 859
92 852
93 512
14 274
79 279
25 148
51 271
59 903
25 758
44 154
97 521
6 954
82 939
87 689
16 806
58 526
85 688
65 202
64 68
68 821
7 573
56 914
75 569
66 865
23 731
75 252
94 928
17 123
50 723
77 697
42 558
50 478
78 1015
89 869
32 312
51 1037
44 1037
38 501
18 159
53 669
90 997
96 620
39 902
90 650
41 769
95 1052
71 718
28 233
27 666
92 389
88 441
87 222
91 756
23 538
70 780
82 412
91 209
98 458
72 563
75 659
86 813
54 744
96 1011
69 361
55 882
2 537
14 39
49 197
7 693
8 212
35 803
21 314
88 344
19 878
8 715
38 246
97 651
5 372
58 162
79 967
87 844
72 957
29 789
83 657
50 293
66 869
90 384
89 769
7 955
49 445
54 1033
88 408
71 126
2 763
33 240
80 969
100 981
57 906
29 962
82 803
91 754
48 821
76 635
95 712
26 820
93 1080
25 326
58 239
88 164
24 1009
23 775
66 188
49 90
55 340
72 342
17 181
75 941
33 38
43 520
91 1050
20 60
20 970
42 653
7 799
81 711
85 393
63 871
74 637
46 120
91 416
68 293
24 557
9 814
65 228
54 610
69 482
12 369
29 933
28 707
43 382
47 347
28 1001
97 730
68 554
72 915
97 761
2 119
86 440
58 304
83 711
80 329
6 704
42 432
15 410
33 586
93 382
4 937
67 908
99 482
66 888
66 522
63 107
38 957
84 281
42 568
11 981
13 184
99 649
69 76
81 148
27 713
81 873
28 913
88 522
14 224
69 917
90 989
95 888
56 718
10 774
88 245
4 474
92 431
5 94
10 65
23 836
33 604
10 598
30 962
34 451
50 511
81 495
56 379
3 401
87 208
69 75
83 820
80 144
97 860
75 121
90 958
10 376
65 173
38 843
88 396
78 166
37 820
57 447
51 892
85 116
61 221
69 294
18 782
51 866
70 372
82 229
39 732
94 757
48 1028
2 568
72 216
16 58
1 587
77 480
69 629
11 323
27 793
95 1020
93 445
28 450
83 954
66 211
21 209
29 660
33 231
15 200
86 904
73 945
7 878
97 1051
71 543
83 645
10 307
86 154
33 133
26 769
75 573
43 408
17 704
84 324
13 304
80 151
25 350
63 524
43 674
85 398
89 687
20 599
73 446
41 1022
55 227
1 321
32 836
29 758
95 751
56 339
47 184
87 837
43 941
62 535
58 425
100 412
63 627
14 193
83 704
11 872
36 915
18 930
69 270
34 785
81 159
94 171
3 872
65 711
4 836
75 667
52 839
76 293
5 569
34 590
70 553
84 877
20 394
51 279
99 702
94 971
38 175
60 573
66 158
51 423
65 75
85 329
79 779
22 797
66 209
58 221
23 602
73 748
19 772
94 589
46 87
29 808
63 300
9 279
48 287
6 690
27 557
47 444
61 1000
59 961
6 46
84 415
14 734
67 715
36 890
95 364
75 632
73 251
49 718
49 423
76 745
10 539
33 418
29 557
52 413
45 543
62 970
78 84
65 968
18 468
22 257
10 536
83 370
28 181
24 185
47 663
92 928
16 692
30 454
43 780
15 508
87 577
62 277
76 241
83 936
53 75
32 76
17 604
76 240
18 662
66 106
74 224
8 178
34 978
24 553
52 665
73 725
3 902
93 838
85 926
37 1006
11 232
58 679
61 949
62 236
29 879
53 668
19 832
75 915
99 285
80 755
66 336
22 763
88 438
59 669
76 146
30 417
50 185
14 30
26 561
65 765
54 900
20 640
13 194
61 984
79 693
5 903
69 584
97 217
12 505
85 218
78 630
1 919
100 794
84 525
67 497
48 943
6 720
68 507
30 990
62 870
99 489
45 648
95 1024
98 955
90 679
13 448
18 278
62 846
30 961
11 301
77 974
70 488
33 226
1 727
96 904
1 592
67 187
67 74
49 719
27 731
41 459
47 156
20 456
84 683
33 300
69 502
73 447
79 361
88 494
97 305
53 618
72 566
23 402
72 640
62 321
40 631
45 837
91 498
95 236
85 206
96 331
58 859
90 1062
21 123
28 548
52 856
44 864
71 699
90 790
91 144
21 419
82 87
12 855
19 501
77 522
12 77
34 261
48 129
78 116
93 486
52 680
84 617
37 765
77 135
100 939
23 678
64 513
2 208
85 1038
67 359
25 59
77 599
67 782
30 659
22 712
5 373
31 701
1 1000
21 109
36 834
52 413
86 490
52 652
26 556
2 756
91 161
12 574
37 780
72 1008
75 431
45 1031
36 267
78 1064
25 490
52 640
1 268
23 439
65 174
72 146
65 366
44 1013
15 837
66 1045
33 930
69 901
74 330
89 542
49 625
62 850
32 807
44 1028
100 569
88 559
76 958
4 497
15 279
9 400
82 889
29 722
90 325
41 463
46 574
69 78
90 942
34 288
37 132
52 741
96 936
44 121
71 1024
23 510
41 403
28 943
74 349
24 993
96 795
25 535
95 299
31 784
31 924
34 245
30 237
32 888
80 444
20 817
14 136
11 703
85 589
79 85
98 975
70 1050
6 874
62 442
80 402
64 983
74 963
36 538
24 806
66 352
51 278
97 687
17 72
68 886
55 544
70 103
65 420
51 932
88 882
23 491
16 731
67 538
41 746
2 14
87 302
49 643
13 346
47 674
34 225
71 340
31 306
61 1042
79 430
47 235
64 498
27 456
90 860
48 421
52 338
58 242
74 208
74 776
30 863
13 751
35 858
31 599
56 932
49 249
19 838
95 248
61 886
2 182
54 565
18 932
81 610
69 806
41 845
63 370
33 608
73 121
51 152
89 256
8 228
33 520
81 179
58 820
43 309
47 415
72 642
33 385
3 424
16 375
87 1073
78 281
74 663
84 748
69 247
100 391
46 378
87 609
63 856
95 552
11 401
79 372
60 706
19 908
22 677
44 475
81 708
74 488
10 91
21 372
30 351
41 709
38 765
35 654
83 487
35 943
57 856
47 812
76 609
58 481
22 210
3 131
94 334
85 342
96 813
96 177
27 197
51 156
13 78
61 622
7 33
99 505
68 851
11 117
34 666
20 106
84 1037
50 366
30 283
95 385
57 698
17 151
68 926
22 51
5 684
46 927
42 926
61 539
70 1027
35 596
57 195
90 642
23 628
77 544
81 847
82 980
73 518
68 723
82 628
40 970
45 538
70 302
12 464
40 414
53 319
20 330
2 2
67 901
98 966
18 370
37 517
69 77
89 1033
63 1032
97 585
39 48
99 539
38 649
30 845
1 562
48 241
53 956
72 519
51 306
21 753
95 756
50 898
49 274
34 115
55 695
31 560
98 917
79 905
89 790
35 326
84 844
69 897
35 457
25 898
9 195
18 314
15 667
59 691
58 336
90 727
63 255
42 61
20 70
69 91
24 1019
14 302
35 163
92 540
94 102
30 122
20 35
64 286
44 474
40 844
64 444
60 773
5 343
11 874
97 1071
19 76
35 829
51 124
70 551
24 220
33 869
49 897
2 126
99 830
32 426
99 1097
57 310
95 129
26 497
95 884
13 546
86 299
61 459
88 1072
40 998
42 204
81 826
6 768
71 604
16 275
62 715
39 242
47 955
7 891
86 309
15 256
82 526
42 57
22 835
36 634
16 421
32 41
6 601
89 575
89 699
20 400
99 190
32 193
64 157
88 721
44 997
98 738
8 69
46 706
20 738
69 879
14 142
63 301
41 612
83 857
45 869
57 807
25 46
89 475
46 787
18 274
6 502
91 539
72 373
70 783
63 257
73 264
70 426
42 791
60 341
77 1013
71 235
9 552
20 480
38 877
34 588
47 511
1 795
82 600
49 800
24 928
3 637
47 841
80 324
42 780
9 683
69 907
50 244
68 767
64 848
71 228
79 368
42 461
83 412
15 113
67 741
9 53
17 199
5 211
14 511
25 126
5 589
83 939
50 723
63 601
80 798
76 338
7 382
29 649
92 164
2 954
27 698
63 1013
11 490
82 144
47 618
96 1056
54 895
48 861
91 150
79 351
68 109
94 166
39 118
28 1011
67 166
13 755
30 574
50 244
25 563
85 339
73 713
23 594
96 667
54 818
14 798
82 672
46 736
59 778
86 523
14 184
24 587
52 568
44 717
21 567
77 530
46 970
41 604
42 907
48 470
98 746
56 901
93 424
78 324
73 631
28 412
99 662
96 356
47 1031
58 516
51 51
93 128
37 647
3 533
18 929
39 45
39 266
28 904
41 63
99 940
89 931
36 977
71 594
72 656
74 232
13 51
59 423
20 161
34 409
75 330
30 292
39 133
74 483
73 1012
28 779
10 750
42 853
62 239
63 908
89 808
74 913
13 622
83 390
5 753
74 464
11 809
8 951
99 441
45 945
56 482
16 906
99 331
96 764
78 1028
2 651
100 747
49 104
40 576
6 332
70 648
20 354
65 779
29 185
7 696
94 496
58 828
77 666
65 157
29 471
38 843
51 202
17 361
11 498
74 837
7 568
52 320
11 419
65 509
100 814
17 797
18 510
72 274
63 467
84 669
26 600
79 832
68 320
32 105
35 830
56 387
88 1034
74 165
15 702
53 486
47 403
25 353
45 653
84 108
99 411
22 380
79 920
57 695
19 470
6 952
30 234
88 470
20 795
94 967
11 126
95 150
32 1003
80 1028
19 908
37 51
44 754
15 327
58 540
3 342
27 784
69 285
27 586
67 835
34 595
62 699
94 238
89 804
86 104
49 645
85 624
6 267
22 83
37 242
90 722
35 89
60 730
2 70
50 726
35 713
85 453
14 33
38 926
84 479
30 419
66 1066
91 192
41 537
77 621
12 202
26 538
59 633
92 114
6 259
68 380
43 544
51 813
21 39
45 745
46 409
81 390
31 544
36 867
8 648
33 932
50 961
4 970
72 1043
36 266
20 369
51 723
18 107
94 485
67 1050
87 714
81 783
30 457
31 617
20 456
40 971
78 415
58 613
17 228
84 225
75 629
88 907
26 909
18 334
89 811
68 999
18 458
99 247
84 1039
73 1012
21 346
9 579
69 1040
93 214
24 349
19 763
4 787
41 942
53 1037
53 363
57 820
82 1037
95 375
20 817
25 134
17 206
4 784
79 710
35 655
73 700
30 640
30 266
88 114
46 127
89 887
62 199
65 931
78 558
92 757
48 236
50 553
61 201
21 218
29 62
53 835
2 949
35 1008
53 280
96 783
26 801
27 94
23 972
57 944
79 580
89 421
59 967
32 469
52 846
6 628
95 939
49 786
41 444
79 1040
96 681
77 626
68 724
91 896
5 538
14 476
59 905
6 904
32 563
69 474
95 135
72 468
67 850
81 1066
7 201
38 488
51 956
39 831
37 509
22 454
38 665
7 713
67 992
19 493
83 545
12 751
65 180
24 821
75 1035
90 649
18 420
53 384
58 83
23 487
76 994
92 1009
26 929
59 151
33 364
89 753
92 907
21 756
94 220
12 128
91 551
82 453
11 547
91 484
94 904
66 692
21 408
71 460
6 792
22 956
43 622
85 968
20 186
19 202
99 828
7 436
40 356
94 881
58 353
81 266
16 936
17 1000
26 29
80 863
33 45
59 568
64 620
1 623
64 307
28 630
85 572
59 478
57 138
77 691
1 251
71 355
80 723
72 911
27 77
24 175
8 676
45 82
19 893
5 688
74 932
78 383
43 985
12 62
14 440
23 188
87 378
79 755
89 805
77 663
72 253
59 826
75 443
5 100
99 405
42 419
49 888
9 785
55 918
71 137
38 520
18 142
89 969
36 373
68 491
68 282
90 304
79 138
14 599
94 738
68 157
62 803
89 708
91 385
55 678
41 306
68 656
80 442
17 646
73 581
67 813
81 590
64 891
24 928
79 317
91 388
25 26
16 40
60 700
16 771
27 845
79 503
53 99
43 401
72 897
82 299
2 657
26 732
37 297
9 324
39 557
71 402
99 105
15 717
43 392
51 792
73 703
4 856
23 221
43 896
44 988
87 577
61 877
5 666
18 511
20 662
59 972
69 986
43 516
53 1003
96 153
67 373
73 815
87 410
72 620
3 216
74 775
43 861
46 113
20 307
4 351
49 690
69 931
22 606
78 476
24 633
15 900
97 412
91 969
41 767
5 283
53 141
64 962
31 411
58 907
39 260
68 377
23 137
48 851
5 801
26 961
12 466
65 90
62 988
65 222
25 373
62 812
68 385
100 435
19 806
13 854
67 759
17 227
93 130
59 455
92 977
67 185
1 319
6 709
77 969
12 353
60 970
6 111
67 851
85 848
40 63
74 850
40 694
27 355
26 223
37 320
69 395
99 550
86 206
35 187
21 301
15 30
80 653
66 170
27 582
45 607
41 318
19 984
91 914
37 624
32 207
10 328
79 992
44 597
57 108
17 46
61 985
87 138
14 406
7 95
55 456
23 744
77 989
76 720
89 805
58 689
46 365
43 880
26 756
98 784
69 149
97 879
60 641
17 112
90 569
13 479
40 740
83 810
99 575
61 298
29 176
79 343
47 448
24 740
86 424
42 506
63 93
9 495
15 374
62 534
22 311
99 455
78 666
17 537
14 429
92 907
14 347
72 737
10 821
39 584
60 470
76 499
31 666
32 593
21 1018
62 455
9 357
27 860
89 694
56 859
56 636
44 601
89 330
23 701
86 165
95 1048
92 679
63 180
76 686
60 393
72 171
57 237
40 1018
52 123
77 188
88 921
77 866
49 384
64 724
85 147
12 234
18 926
75 999
97 748
1 776
19 695
20 483
69 367
50 680
74 531
26 236
88 986
41 347
73 886
87 398
56 791
45 136
75 83
79 601
52 919
17 889
38 101
48 970
71 1062
7 7
91 664
46 158
37 923
4 244
56 775
76 479
81 406
92 483
52 442
56 614
28 706
23 509
18 210
72 465
47 907
54 211
37 930
86 214
18 29
10 673
3 150
93 999
63 736
56 1054
18 104
18 675
54 934
59 974
90 708
55 693
24 489
66 500
71 910
58 451
46 277
24 458
78 85
74 584
94 336
92 605
35 455
70 660
47 81
5 586
62 783
48 163
75 568
89 170
19 766
94 633
97 894
36 512
67 147
67 978
79 169
32 515
81 840
85 1068
86 165
88 736
70 887
75 394
79 133
44 591
100 111
61 525
66 993
61 648
94 433
54 415
38 334
22 58
89 1034
77 844
39 783
73 339
8 652
61 653
22 608
7 679
38 866
95 734
4 297
63 147
17 534
10 881
36 294
17 647
36 317
33 47
95 209
78 256
76 832
20 694
58 436
23 290
90 331
63 248
68 950
5 356
11 1001
19 628
20 877
64 834
53 841
50 293
85 535
93 745
22 237
74 825
45 100
83 353
97 936
15 68
22 497
52 539
39 526
96 1067
97 1041
69 308
49 748
91 490
61 329
19 562
56 68
37 986
58 449
87 410
68 767
6 105
69 721
46 1025
56 681
84 962
35 378
35 308
13 274
84 682
51 523
99 790
96 343
94 782
76 864
25 557
44 737
89 273
41 601
2 690
2 853
9 21
53 153
68 174
88 544
45 269
93 383
33 230
5 29
80 174
8 969
77 749
28 1001
77 730
16 741
16 104
78 211
49 721
98 1019
83 662
24 941
15 727
24 283
38 516
85 1043
10 664
59 1003
36 823
55 763
86 874
99 430
33 198
100 175
36 831
8 399
50 390
8 272
34 216
57 128
63 1013
26 650
51 233
83 586
14 161
70 857
56 279
79 737
14 948
57 789
34 139
5 79
10 595
94 350
100 556
3 921
64 216
84 739
1 956
5 685
50 322
20 736
43 969
51 639
1 528
91 1053
99 601
62 508
52 916
94 893
9 562
29 32
50 1027
89 926
100 593
16 596
69 1026
46 387
88 398
52 108
81 1062
83 175
47 594
44 126
59 837
99 395
83 290
23 590
6 996
50 726
25 331
90 489
14 659
89 456
63 149
81 529
95 289
18 54
25 50
93 700
31 531
50 114
70 728
40 551
69 1057
58 1047
3 40
44 101
44 850
93 136
52 173
28 854
84 767
67 536
87 978
69 221
95 688
30 977
10 47
95 239
63 732
3 485
80 126
32 750
84 217
2 178
81 132
40 880
13 480
79 253
76 141
14 130
64 673
79 304
9 832
26 462
44 874
95 789
52 384
16 1015
88 677
70 210
42 898
28 810
6 613
23 366
9 132
36 180
97 522
22 735
48 614
22 471
32 979
75 116
18 120
81 708
49 845
21 37
63 145
1 8
23 971
12 735
84 691
37 463
89 915
99 586
89 218
27 173
82 359
67 528
53 297
23 648
89 127
77 261
92 603
79 1052
12 654
39 395
54 58
72 313
25 145
68 1068
13 646
47 930
98 650
65 289
60 848
81 756
27 310
7 205
15 830
20 721
61 570
23 186
86 1030
6 61
83 455
37 251
56 313
43 674
98 562
6 112
95 148
69 249
21 825
4 500
66 184
10 926
31 769
57 663
75 408
54 257
96 789
42 277
100 212
42 275
13 255
95 517
26 410
29 104
61 660
63 118
56 204
28 978
79 544
23 419
48 187
59 796
25 672
46 1044
35 242
43 173
5 713
73 134
36 175
15 887
60 529
54 229
98 449
29 936
38 656
21 829
82 1057
79 1006
22 613
71 946
30 118
53 930
67 567
28 633
61 918
60 345
2 749
55 808
32 285
42 486
75 302
76 1044
20 955
74 993
1 428
6 47
61 812
99 615
5 440
68 471
62 891
90 931
13 476
64 310
11 582
97 109
89 838
53 1025
28 163
46 348
31 694
12 28
62 747
40 205
91 561
74 839
75 99
59 533
99 240
91 506
24 832
48 689
60 780
82 83
81 153
50 964
89 429
68 101
38 474
97 373
90 1058
79 634
74 887
27 833
88 170
80 981
43 796
8 535
87 459
7 120
50 424
60 693
6 380
47 226
83 655
91 159
72 798
100 309
18 360
31 583
15 679
62 817
97 691
90 304
97 859
98 328
42 403
35 550
88 521
36 91
9 390
45 508
63 576
68 917
16 497
91 635
87 932
69 990
38 500
80 456
87 1055
89 917
9 201
59 148
11 411
23 318
10 121
22 304
15 728
19 527
20 915
27 560
81 104
38 464
88 642
17 502
45 475
57 812
83 104
38 231
9 31
30 884
67 727
43 464
75 426
84 745
42 539
76 757
90 632
71 526
59 370
73 208
40 215
34 266
62 442
37 825
7 158
46 337
59 1038
22 655
21 749
69 361
24 1020
23 882
91 800
86 899
20 185
31 150
6 330
74 203
57 323
48 236
27 602
91 126
86 410
45 196
48 507
70 1068
21 567
39 163
4 418
64 850
19 989
59 1009
41 200
1 994
95 654
65 404
83 805
38 523
38 1030
97 684
86 236
73 819
57 403
89 204
94 584
6 148
87 651
15 330
4 415
80 941
29 485
46 140
42 98
78 734
25 622
68 295
99 383
26 49
11 562
58 751
86 1066
12 1011
66 469
25 527
41 658
78 601
8 938
86 455
51 202
92 966
55 433
50 431
2 293
45 404
40 1040
58 953
72 161
28 773
57 816
54 876
57 352
21 846
94 1087
55 801
54 196
76 688
12 159
27 337
61 949
68 411
9 964
76 850
49 139
1 420
82 1018
35 459
23 592
60 787
73 846
18 222
24 876
49 345
71 573
6 848
39 893
75 386
64 636
95 569
29 56
1 158
34 341
82 936
82 565
16 685
86 1000
37 464
23 526
89 749
32 61
16 799
36 540
9 622
96 466
75 567
73 519
34 677
88 575
89 926
16 398
66 816
74 91
34 200
75 134
19 346
60 959
89 227
46 213
7 286
47 476
82 1015
46 95
38 336
68 722
10 536
25 809
81 268
98 194
77 847
22 578
42 935
41 887
88 907
39 316
88 802
89 460
13 560
75 435
19 32
18 548
37 418
100 596
53 401
21 125
28 186
65 291
25 839
72 700
89 940
68 934
69 798
71 790
97 918
15 442
59 997
10 129
17 962
3 494
45 364
89 460
18 854
57 968
77 612
98 1091
44 220
91 402
4 766
16 243
17 894
89 234
89 321
40 168
27 160
11 446
89 870
15 94
3 796
62 837
56 99
26 136
5 817
85 610
76 136
61 182
33 77
9 317
86 96
97 195
16 958
78 288
76 998
26 215
86 445
4 96
19 885
96 1060
36 1007
75 431
46 210
65 864
94 721
31 548
73 142
13 852
75 856
2 543
28 760
25 1012
37 212
97 647
1 997
93 194
28 970
65 936
91 577
47 761
76 265
57 746
14 199
46 434
55 274
66 299
53 168
98 419
16 493
15 547
18 525
98 467
91 386
72 811
6 90
42 547
15 409
37 504
77 830
40 743
57 288
71 488
38 913
55 248
9 925
61 1022
87 463
23 36
87 590
87 194
51 499
67 741
87 174
16 162
51 461
89 693
14 773
22 88
47 1045
26 372
26 635
52 177
30 888
55 797
64 349
98 828
99 694
76 355
97 905
83 1048
52 416
61 743
78 1050
52 548
66 351
19 805
59 169
16 272
63 572
30 673
18 48
13 768
7 857
9 519
87 114
23 414
78 773
42 198
39 675
80 178
98 176
85 854
67 852
64 875
60 266
38 715
64 566
65 332
70 421
70 629
3 978
98 130
56 957
16 408
58 380
49 502
59 95
5 186
72 747
100 410
91 259
63 504
18 337
92 490
63 845
15 597
87 589
85 652
88 640
74 555
61 636
21 539
8 408
34 540
76 1070
49 680
87 448
99 390
42 104
4 608
6 137
47 404
95 692
4 787
81 430
49 148
55 408
46 467
45 102
85 335
32 272
83 402
76 162
89 156
40 157
44 217
3 554
42 80
59 732
55 636
66 989
54 327
3 715
61 663
3 327
49 633
50 380
74 174
63 165
89 780
27 371
64 578
98 781
44 214
79 385
47 1039
56 262
64 714
10 870
69 288
37 308
7 311
74 485
29 668
96 1076
12 746
75 172
76 420
35 103
73 893
68 554
55 269
45 859
10 677
39 555
39 482
85 637
41 245
54 465
33 672
66 530
86 867
71 255
3 645
91 619
24 614
64 282
85 1070
96 1056
60 334
82 627
79 952
99 1027
56 1013
73 817
81 142
67 272
47 520
19 265
20 784
88 871
39 903
56 476
41 921
9 658
27 893
53 326
37 698
21 283
88 703
31 446
31 147
20 216
4 255
40 515
63 636
56 488
83 1010
5 211
21 300
18 47
34 842
36 710
71 251
83 955
6 992
93 590
3 59
11 332
78 383
9 931
53 971
47 734
85 991
12 418
93 955
18 259
15 599
95 607
16 550
86 934
75 1047
100 1053
68 325
64 969
12 255
77 202
99 925
41 378
75 829
50 875
96 857
31 988
55 278
19 128
23 242
36 486
53 313
76 133
63 609
48 764
15 339
70 503
61 760
32 1018
36 936
19 390
61 793
48 889
40 61
83 1073
78 113
95 773
7 714
86 331
33 598
50 366
82 1063
90 461
88 212
69 956
31 909
57 454
2 933
51 1000
33 341
12 970
97 338
39 254
21 958
57 703
41 941
99 758
53 861
5 285
11 853
100 1063
63 545
95 517
43 777
55 952
13 857
21 736
34 552
9 369
54 670
94 926
71 826
42 506
89 117
98 151
83 739
24 669
57 867
83 222
1 411
26 669
40 361
74 158
15 176
32 560
92 1084
99 949
84 865
17 884
77 779
53 864
41 503
62 956
95 231
34 211
88 695
42 860
37 240
11 435
48 234
51 948
49 1016
74 303
3 973
3 948
72 734
79 720
30 958
12 1009
60 263
34 752
22 72
52 684
55 669
34 186
12 993
48 222
73 193
2 737
68 513
99 1041
59 906
87 593
16 245
92 300
25 993
35 329
96 602
49 182
56 932
27 641
28 871
37 781
87 280
54 238
53 864
19 48
38 1037
34 275
80 541
32 410
75 775
83 552
11 21
61 197
42 1039
89 496
88 305
92 484
91 524
95 706
33 107
13 583
8 61
43 996
31 513
46 666
86 1076
77 803
96 925
6 11
33 549
80 470
39 1039
51 738
48 183
72 114
75 258
34 207
65 569
44 942
60 195
12 336
91 634
56 201
34 153
41 86
17 528
36 801
47 995
56 345
34 661
98 1046
34 563
41 487
22 345
95 598
98 1070
20 589
85 736
57 111
25 177
7 242
24 60
61 327
21 743
60 506
15 931
64 105
57 422
91 665
63 531
64 179
93 980
19 145
45 140
27 916
37 221
22 789
66 908
35 611
85 684
28 625
1 539
99 683
24 450
10 262
99 609
87 183
43 69
37 734
88 212
51 433
76 1027
14 871
42 199
4 87
59 909
91 766
62 526
81 1059
35 643
85 90
43 1036
6 677
80 1053
58 390
94 845
73 205
28 911
7 827
83 372
42 859
8 769
10 570
78 468
12 420
33 215
31 1019
99 985
52 143
3 875
27 193
50 848
52 343
83 853
84 241
16 321
63 883
56 809
40 965
88 705
17 384
86 184
48 572
26 527
58 964
50 537
35 611
77 510
12 786
55 885
48 676
24 468
81 517
12 53
66 415
60 752
29 692
88 818
20 973
64 603
81 743
68 153
38 517
56 137
62 369
20 150
88 1012
39 900
32 567
55 357
73 121
71 149
6 531
14 536
55 477
13 488
85 822
73 905
33 396
33 632
11 798
65 81
15 773
85 558
23 828
24 887
51 97
11 437
91 395
41 642
93 558
97 783
58 696
34 383
24 240
24 104
96 714
34 926
87 195
56 603
3 8
51 170
2 177
84 572
59 767
52 941
85 1073
96 712
93 591
39 672
79 448
89 778
89 780
51 874
39 128
17 155
2 197
15 850
3 715
25 904
4 218
62 726
19 684
31 477
81 959
69 264
12 320
99 573
19 504
55 77
15 185
20 776
90 545
63 545
3 883
58 657
32 238
38 621
51 103
43 51
14 659
92 534
54 922
64 818
75 685
94 661
38 75
63 472
63 588
76 818
79 1036
87 1013
63 300
92 154
68 87
55 645
41 607
9 283
83 510
61 180
64 701
83 438
58 772
56 77
21 315
93 289
61 413
57 294
65 289
76 1006
88 435
78 951
92 764
60 194
38 778
92 491
54 907
87 755
95 463
61 879
21 657
27 316
89 856
12 695
62 194
23 227
21 641
63 166
54 1019
64 374
31 245
72 120
3 370
34 399
87 249
23 870
65 97
9 354
56 172
80 312
16 591
29 527
34 382
46 833
6 794
72 345
20 893
89 983
66 684
86 192
91 142
57 875
59 1044
97 210
14 814
79 703
14 857
72 114
65 172
22 667
16 907
27 959
47 207
94 393
91 543
98 616
64 814
13 170
83 455
43 881
18 143
26 475
54 841
99 105
32 886
61 410
37 554
22 109
35 416
92 864
54 423
81 761
32 187
97 868
68 499
30 171
55 478
53 972
59 1033
67 880
88 458
4 457
19 807
2 736
67 1033
9 95
44 366
52 842
22 466
8 410
98 135
85 1029
83 237
74 133
81 811
85 981
67 1063
38 467
52 959
88 805
71 965
39 777
96 417
45 53
36 957
68 693
19 736
52 508
83 293
70 709
80 747
57 771
45 953
84 498
100 302
39 125
5 555
43 442
93 829
95 995
17 549
70 360
28 123
66 631
40 573
44 819
82 245
3 31
70 676
34 281
100 411
93 525
65 178
94 155
48 313
81 600
46 172
7 781
84 1047
16 475
39 625
95 100
59 406
31 855
96 691
73 804
81 762
69 933
77 316
45 351
37 719
92 678
87 230
92 478
67 822
32 139
42 570
75 272
100 469
59 159
19 747
55 903
53 136
12 75
55 964
17 504
28 484
10 388
87 625
52 654
72 603
100 504
34 632
64 715
55 505
89 1042
63 812
54 897
21 168
65 195
63 791
59 191
91 616
68 188
89 306
59 543
5 769
21 987
72 450
16 632
53 165
16 394
74 370
6 541
20 140
48 360
48 358
38 535
4 814
19 164
76 507
7 966
40 950
37 257
24 862
95 595
1 126
71 428
9 900
6 433
62 648
40 619
58 979
44 844
49 535
93 946
78 213
98 239
65 716
59 838
58 741
58 210
94 427
12 831
80 760
80 499
50 288
51 398
70 116
86 997
57 810
36 697
12 898
22 746
4 589
81 896
99 823
40 614
83 209
83 655
11 208
80 634
74 849
7 987
73 607
25 793
61 575
3 126
85 1043
69 253
3 284
27 278
91 950
75 529
11 837
69 690
42 453
76 122
63 945
3 351
56 240
54 78
68 392
49 312
12 129
13 567
22 314
19 206
33 819
12 169
40 1015
53 747
22 82
79 1063
42 227
4 734
8 313
50 151
41 186
53 967
42 306
49 1013
16 69
26 271
97 708
76 318
64 584
97 613
50 1022
15 290
8 333
60 626
53 120
62 91
53 701
30 965
3 278
71 1057
76 767
13 265
98 666
84 888
17 328
73 489
58 143
82 594
27 828
19 401
70 242
32 582
55 1039
72 534
6 7
60 1044
80 376
84 1079
22 22
8 963
62 341
77 333
88 477
45 907
81 298
75 935
66 354
6 171
95 641
73 144
39 130
51 766
16 866
18 760
72 358
56 271
79 595
41 946
88 1056
44 694
34 804
91 554
35 286
85 414
44 259
59 1041
77 413
3 938
89 225
83 1027
1 624
61 65
2 690
23 446
72 988
90 810
63 843
51 602
11 817
84 750
10 561
4 917
86 541
87 213
46 1041
49 896
77 443
50 231
99 930
90 98
16 489
48 1006
25 480
2 228
96 116
98 385
88 1031
91 457
25 117
79 719
39 866
92 318
30 535
47 84
36 540
91 814
78 292
1 201
82 487
15 905
36 618
65 570
22 587
25 700
95 674
87 785
78 656
23 89
76 207
96 162
17 282
73 949
30 932
67 813
36 232
87 110
89 783
69 698
33 730
72 976
59 61
55 711
87 1052
84 137
42 484
53 333
16 712
67 544
64 434
67 844
6 911
93 322
7 291
54 599
58 381
1 402
25 367
11 912
74 901
4 759
29 735
55 1035
10 949
32 233
22 359
40 104
81 721
13 41
62 504
4 610
81 1038
43 903
33 286
14 498
31 1012
44 896
7 848
43 575
31 997
10 804
77 711
57 839
13 653
58 650
16 103
8 946
5 391
41 952
89 155
17 80
57 113
39 664
81 523
9 113
87 144
72 125
38 908
49 460
13 645
97 517
30 915
77 883
85 723
2 466
50 525
55 956
80 714
13 360
84 1044
87 888
4 468
67 403
76 273
14 119
2 611
92 161
76 884
25 951
74 203
82 603
33 396
54 546
93 728
57 247
32 172
6 67
17 336
75 521
66 1048
84 856
46 364
75 981
70 864
19 169
61 377
78 429
38 415
2 532
76 749
87 235
8 251
65 903
72 951
7 439
45 245
26 681
26 830
9 358
25 708
61 772
89 567
77 786
43 915
75 654
43 673
39 467
43 209
14 479
6 513
29 971
1 655
29 738
30 507
80 298
31 523
95 881
43 869
95 479
27 436
24 869
1 372
2 77
46 76
72 189
19 316
57 256
81 680
98 466
6 1004
4 207
26 316
23 247
34 770
23 370
71 322
23 223
3 183
34 966
13 34
87 227
49 719
15 361
27 339
59 304
48 876
48 724
22 985
68 1068
80 982
56 955
92 158
16 163
17 830
25 221
69 456
89 472
41 654
55 1055
82 332
6 787
79 680
25 899
69 370
20 355
32 86
81 895
36 929
17 888
66 1057
75 982
63 277
94 177
61 870
85 714
9 180
66 463
97 1000
83 852
66 449
64 595
60 243
42 771
48 586
89 583
92 1070
64 549
35 630
52 705
75 740
5 217
29 945
26 488
31 436
28 341
55 965
49 634
21 978
48 308
71 157
18 787
11 313
57 588
46 281
75 117
60 584
80 424
55 516
60 502
53 429
64 388
35 426
4 187
57 296
34 694
10 377
11 312
65 590
70 729
11 815
36 984
30 130
16 89
47 86
70 275
43 244
87 424
33 342
96 931
99 798
36 231
91 709
18 893
97 830
95 651
34 42
99 405
37 879
45 846
52 1020
52 893
75 850
84 96
61 730
66 845
20 906
51 284
30 770
96 310
61 300
67 668
71 846
60 799
60 408
11 331
25 464
99 1063
90 517
27 476
58 931
72 102
48 190
74 968
17 329
95 104
64 893
85 939
46 393
29 458
55 757
97 510
98 895
89 639
39 372
76 99
73 877
5 949
18 175
43 624
81 899
78 1013
78 665
51 441
27 998
51 116
69 464
25 511
14 350
73 1058
58 712
39 134
22 128
87 653
23 55
89 706
63 90
24 227
9 942
50 340
27 265
38 713
68 139
59 117
48 578
2 177
42 922
53 453
21 134
17 566
54 543
96 166
50 1028
27 160
27 344
56 893
91 771
61 223
78 666
40 641
26 540
92 793
59 341
26 33
19 475
9 853
52 671
32 570
43 975
73 973
63 534
60 649
6 760
12 306
83 985
59 414
90 952
92 903
39 439
79 922
23 448
32 215
80 830
56 524
50 982
85 272
90 672
13 415
90 1058
6 251
21 301
81 631
38 720
9 723
93 832
28 958
64 485
98 664
16 393
10 783
14 530
99 897
42 461
58 226
33 245
65 110
60 87
10 664
89 780
96 568
49 400
96 504
25 431
5 15
33 150
91 1030
18 352
86 852
60 556
60 129
11 572
85 333
92 1064
57 200
61 901
36 897
21 195
3 624
13 194
38 165
69 828
51 223
10 697
98 109
87 366
20 471
46 228
28 759
5 919
87 632
28 480
90 138
82 912
67 723
85 818
85 1003
14 413
89 404
57 110
77 81
7 797
49 834
26 977
32 415
31 235
12 28
54 82
2 347
25 721
86 150
29 1010
13 829
86 257
93 264
6 431
66 176
42 372
72 713
25 664
27 983
70 474
55 178
30 248
14 379
42 219
2 413
84 407
2 400
28 497
29 96
85 919
36 701
80 457
6 74
28 448
39 824
77 588
14 743
69 879
73 248
33 1015
13 627
42 688
90 487
87 1033
99 809
18 358
23 673
98 1003
89 414
86 579
9 352
3 626
75 534
49 572
82 841
30 545
76 797
2 240
3 634
98 1016
16 332
31 786
55 830
32 666
11 72
18 401
64 367
26 181
49 258
83 121
31 976
93 705
57 813
43 180
36 361
83 888
98 138
67 877
54 717
37 805
4 238
94 433
44 292
27 579
7 935
86 340
88 800
93 320
78 971
49 582
42 229
57 701
1 67
63 134
25 78
82 226
27 155
12 189
76 638
27 268
65 145
55 797
60 378
22 760
26 276
55 235
78 332
39 331
74 533
82 288
35 918
62 143
47 454
49 220
61 512
55 572
79 831
56 834
20 859
62 82
98 488
55 929
11 788
39 648
69 225
71 815
23 286
49 523
40 504
37 421
72 692
62 135
43 182
92 572
26 184
25 29
2 884
65 812
93 476
63 477
54 1016
51 1044
96 478
50 551
40 696
76 148
53 959
5 948
16 410
73 239
25 806
56 1036
33 822
97 836
45 566
91 591
82 787
48 761
8 674
50 998
55 808
32 280
62 97
47 693
91 783
4 718
86 746
19 286
78 544
88 238
33 286
78 670
85 946
21 33
15 804
12 671
92 1030
50 457
91 691
11 541
25 922
55 224
55 313
89 398
65 1055
69 743
49 649
40 791
53 823
94 984
12 123
82 668
100 916
45 878
19 294
96 310
96 503
90 405
1 173
63 64
13 84
100 813
54 591
54 724
37 787
56 230
23 406
24 744
18 220
63 249
65 1036
15 476
73 906
28 218
26 86
96 283
98 294
34 957
53 504
81 1015
80 191
82 252
11 311
11 397
16 299
9 359
4 603
31 520
63 751
98 201
2 64
35 804
1 682
75 883
6 105
28 562
1 385
78 610
98 370
63 547
97 442
78 517
44 423
88 999
44 366
31 994
47 728
52 439
79 137
46 940
43 868
13 16
59 950
90 501
93 948
18 44
78 203
68 354
90 859
32 409
58 691
88 762
61 588
53 729
25 28
82 1062
42 59
82 450
6 998
95 428
87 541
30 651
63 472
95 722
11 367
55 1016
61 735
90 1016
13 764
50 350
78 277
92 238
67 964
74 877
92 608
5 135
64 879
12 320
87 648
60 232
58 1035
15 508
85 638
31 280
28 202
97 1063
85 801
12 120
56 788
4 168
42 966
50 834
36 261
93 356
86 573
86 212
86 225
69 717
93 596
12 826
89 429
29 983
74 858
77 143
83 434
49 981
92 852
95 837
49 718
83 886
72 1061
56 883
30 258
34 152
38 127
15 106
44 802
76 1035
25 787
15 601
48 178
41 1017
49 639
95 96
40 103
76 624
25 892
50 483
41 830
47 863
87 1043
17 549
85 701
76 303
14 418
2 553
59 382
19 854
38 895
29 540
88 554
19 634
37 186
96 777
90 125
77 404
40 554
89 215
36 904
91 678
62 708
28 534
38 759
49 109
43 199
92 307
94 1050
29 746
95 148
100 283
63 807
51 357
85 1019
21 43
71 472
44 476
87 571
45 820
51 451
10 550
94 383
37 750
25 742
71 474
13 147
42 812
75 961
7 877
91 402
59 729
21 612
18 470
90 584
38 956
19 233
28 851
96 296
95 761
2 372
93 969
74 178
87 891
19 404
55 750
22 970
8 106
46 1043
61 244
7 127
66 731
44 651
56 1049
20 662
93 506
32 66
16 262
51 551
39 743
77 1054
23 691
96 480
100 808
86 760
12 808
60 945
84 475
36 683
84 539
48 59
16 135
11 135
63 719
86 1016
66 296
3 603
74 660
62 342
89 852
13 826
76 261
50 545
83 802
56 361
74 202
13 346
9 739
69 258
52 884
90 110
51 620
69 871
68 568
9 540
75 626
92 930
84 211
97 868
27 1015
85 1004
16 201
77 788
24 29
72 529
41 166
6 137
74 285
84 249
12 587
33 904
97 132
11 138
65 370
47 1036
70 245
55 1055
85 85
32 339
6 974
67 993
38 712
69 524
18 608
63 774
41 576
46 666
69 591
27 731
13 691
6 248
5 197
19 325
28 1008
18 634
71 292
76 443
36 167
94 731
55 131
71 332
34 424
84 1009
21 430
59 144
33 725
55 1017
89 235
69 277
10 654
94 369
82 795
83 280
92 473
73 746
83 923
66 685
21 450
20 343
56 444
4 991
78 331
10 286
16 560
15 715
71 487
9 346
82 173
47 978
43 839
35 184
29 309
2 102
49 1041
29 416
14 815
16 195
68 813
40 642
63 160
68 425
90 675
37 601
35 657
13 931
7 181
41 1010
97 495
24 377
95 789
69 633
77 980
52 540
76 206
34 43
88 613
92 251
85 214
19 406
73 826
35 89
93 747
48 772
100 355
87 710
54 777
59 246
57 419
60 574
37 319
55 588
92 994
30 342
82 960
12 982
40 456
99 419
12 661
11 89
94 339
12 181
74 132
11 772
37 604
64 891
2 987
55 748
66 1020
94 233
62 571
66 767
87 996
69 783
16 431
2 633
25 957
96 103
92 527
90 637
96 449
32 788
85 1058
68 768
78 121
78 537
22 712
98 634
29 208
10 385
18 544
46 1021
7 439
64 452
22 404
15 361
87 342
70 941
99 977
16 313
39 533
38 309
28 30
95 741
73 476
28 973
40 991
83 610
5 962
60 973
80 948
63 121
46 52
79 550
43 348
46 155
1 359
93 283
52 415
2 105
56 559
26 112
68 594
20 440
16 951
63 70
20 807
85 341
29 510
51 434
39 412
55 968
24 573
35 146
57 729
57 222
18 380
96 540
1 368
91 294
15 209
37 78
18 422
54 815
43 965
5 169
86 289
62 1044
86 358
16 447
63 626
64 883
88 819
17 349
97 879
100 1002
52 565
93 1038
95 958
50 184
15 995
14 825
3 132
20 372
65 78
99 799
31 84
87 936
44 483
77 832
2 446
62 358
37 534
11 790
55 308
80 236
94 617
24 279
36 821
15 899
34 751
32 714
55 258
61 784
14 731
94 608
79 264
25 900
76 720
82 234
30 153
17 427
5 285
25 976
19 455
3 634
26 119
7 396
53 590
40 756
82 318
29 373
55 545
8 530
55 714
7 318
15 290
47 334
45 773
54 306
41 957
7 193
6 6
7 683
96 425
28 320
61 347
78 181
56 245
33 1004
63 435
43 354
15 114
86 99
88 653
99 981
17 356
47 806
47 807
100 703
68 687
48 291
84 366
27 625
50 139
14 147
81 841
78 201
6 606
84 921
25 222
91 547
13 89
70 703
44 352
93 578
98 304
69 807
20 64
17 213
54 617
92 350
98 971
72 1070
45 961
47 506
81 815
16 948
56 125
62 491
68 1021
65 874
3 173
77 357
90 1080
17 313
6 984
73 135
89 283
95 929
51 557
88 633
66 1060
10 179
57 825
66 459
72 870
50 460
78 356
27 215
1 164
74 297
76 789
2 902
66 532
65 789
93 630
34 344
29 332
91 365
71 192
22 251
6 552
31 329
6 660
19 983
36 985
18 294
7 664
32 875
27 574
15 16
84 439
81 700
48 380
11 980
91 996
71 341
93 229
53 972
79 380
42 100
81 916
2 845
46 270
94 1082
36 216
33 1027
3 553
85 973
100 1061
100 697
14 753
96 800
49 1017
84 347
81 730
78 642
27 863
57 282
42 317
27 622
81 908
97 501
20 476
30 777
93 537
48 199
62 157
64 249
59 248
23 216
73 575
94 278
83 371
3 320
21 927
23 860
51 754
78 270
9 155
10 446
32 497
83 1076
52 154
93 632
18 762
97 924
2 619
13 399
50 71
15 861
2 783
83 1040
6 141
32 820
11 285
19 980
81 695
2 813
2 982
14 569
95 932
44 917
91 178
26 168
62 839
73 986
57 892
21 335
43 533
20 269
8 564
89 362
81 637
16 37
6 111
70 373
14 537
54 199
1 935
29 53
30 467
50 200
46 717
37 268
88 481
88 993
92 934
15 518
22 134
29 133
37 402
10 640
43 164
47 992
11 928
6 625
20 202
55 598
43 657
24 719
55 208
86 789
39 678
37 393
14 291
64 741
48 1003
34 864
92 909
10 817
1 883
20 816
84 234
41 192
50 507
93 908
62 896
9 124
74 511
94 379
19 111
42 172
24 809
50 411
41 547
55 547
89 1085
53 669
82 423
18 839
84 1027
32 424
54 616
64 615
69 573
69 618
30 423
11 605
92 523
68 659
100 810
96 320
90 179
31 401
1 209
3 374
72 557
18 961
15 76
45 414
100 938
18 319
59 206
71 1066
54 302
27 874
29 86
96 237
16 1001
90 810
19 405
94 120
90 1078
55 435
7 725
14 692
75 150
62 919
77 968
21 51
19 393
19 99
32 110
2 584
54 207
98 284
61 822
18 784
68 783
39 520
53 792
44 498
83 794
2 295
15 174
8 910
83 115
78 847
23 538
21 32
51 903
55 751
59 626
92 941
34 975
74 587
40 766
30 463
21 299
12 546
49 1022
17 777
28 438
80 137
29 430
24 866
96 1095
72 691
10 846
89 568
62 382
84 741
52 899
49 217
7 829
48 710
55 254
35 146
14 93
47 664
100 966
43 71
31 319
21 575
14 80
28 639
2 776
40 232
71 277
82 1033
5 251
35 122
73 651
6 583
62 108
7 329
12 978
40 48
46 815
37 1018
51 563
25 347
97 497
93 457
17 736
87 186
43 460
95 610
13 527
100 253
4 605
49 537
76 965
5 302
21 176
88 562
11 917
81 176
92 329
28 854
88 757
19 806
92 256
65 593
94 717
84 619
99 448
58 862
17 364
38 406
80 956
56 96
92 884
88 484
31 244
79 700
10 991
20 600
81 590
13 837
2 148
99 990
40 600
12 522
13 478
41 214
38 203
9 295
74 446
46 137
10 193
91 881
59 323
61 323
98 995
57 722
18 980
16 1011
73 572
6 378
37 447
53 930
80 1019
88 220
57 432
66 931
80 1054
41 423
11 709
53 571
58 327
88 131
80 1080
83 141
95 904
32 748
72 80
20 893
14 311
49 211
73 481
10 238
50 945
60 745
12 369
60 539
83 630
60 171
11 195
94 204
51 837
56 260
52 388
9 333
44 662
63 280
90 849
61 178
36 501
5 563
20 991
61 210
82 300
41 622
5 620
100 489
8 966
47 855
56 540
28 83
28 916
3 978
98 798
55 331
33 683
23 108
19 89
36 450
11 316
92 554
54 591
28 713
34 222
7 101
55 405
97 401
22 225
45 1009
54 547
61 609
89 891
21 1009
90 537
46 980
89 673
50 892
2 576
77 280
10 750
86 678
79 227
42 722
94 854
95 845
41 55
20 938
59 1015
19 530
41 157
87 503
34 567
93 96
58 1023
17 666
58 712
75 174
5 228
96 288
54 767
70 862
22 637
49 270
45 259
25 1020
87 677
2 381
47 63
39 957
40 554
16 732
64 728
59 482
53 413
46 894
70 506
67 1064
98 441
15 963
23 492
55 437
23 589
77 243
70 516
49 340
85 790
88 535
82 372
90 725
13 102
14 105
84 100
79 1033
53 159
64 831
97 735
70 172
82 536
65 660
5 688
38 910
54 270
29 824
59 623
49 166
26 902
61 1034
16 375
60 482
83 803
95 500
1 963
48 848
29 548
37 311
85 355
40 898
54 743
31 35
54 87
2 28
20 829
48 908
67 906
95 709
41 384
22 1004
74 514
31 600
51 248
79 738
51 899
7 827
74 513
17 978
82 481
94 271
52 977
41 570
21 468
30 131
91 911
17 533
16 662
74 877
51 914
98 740
34 891
71 233
42 250
12 107
4 451
2 645
99 706
20 48
80 804
70 1012
11 596
49 74
96 847
17 481
82 728
100 466
24 269
84 1003
29 333
25 573
32 775
100 926
49 837
34 709
7 288
11 968
19 661
3 656
75 962
14 127
59 1008
77 202
14 159
37 305
24 119
10 516
47 981
27 427
13 515
3 426
10 508
81 159
27 730
54 438
41 689
58 885
21 205
39 49
23 698
73 719
78 953
5 125
44 399
62 690
77 636
1 163
67 826
33 981
16 213
78 108
69 92
67 591
98 254
28 915
47 164
28 58
42 183
29 114
94 802
17 291
36 529
26 1002
12 368
91 655
84 385
60 823
64 510
66 1035
52 996
25 281
23 225
88 954
92 379
51 156
75 887
99 700
40 209
27 1003
93 592
56 960
58 491
77 842
35 870
41 678
14 635
50 489
26 606
46 428
81 920
9 469
22 932
5 986
66 325
76 495
38 656
83 1056
68 428
51 81
15 199
42 481
24 390
32 106
28 700
48 428
19 817
41 166
2 328
89 100
92 428
28 504
73 887
42 962
30 605
9 403
37 653
28 567
28 133
72 356
92 714
86 162
74 988
83 514
88 862
56 381
41 243
26 76
64 574
6 287
54 176
16 479
22 637
42 647
50 292
74 95
37 55
83 885
74 78
60 351
17 878
52 89
69 1009
68 108
44 704
3 74
61 158
54 794
39 320
41 812
45 454
11 580
100 420
64 691
7 409
39 752
59 564
83 1073
16 879
48 1008
80 185
4 233
7 852
2 144
14 344
89 830
56 287
22 112
25 766
48 883
69 74
89 977
7 272
6 119
7 976
39 115
34 371
89 716
49 325
90 264
18 615
59 181
17 343
19 790
75 984
53 705
58 742
16 550
68 314
74 563
85 586
36 365
99 847
62 293
12 282
99 402
92 176
46 617
32 707
83 835
27 738
10 86
64 125
28 41
86 307
60 898
50 242
63 170
44 257
76 855
68 594
41 819
40 765
59 730
20 888
65 173
17 241
47 441
58 946
80 605
26 824
52 244
9 293
55 223
88 402
74 737
14 164
60 957
14 776
15 261
3 918
59 250
35 64
61 738
68 531
46 317
16 965
71 157
46 487
28 182
51 565
56 576
43 97
57 336
48 148
7 671
49 798
55 253
38 231
52 232
77 359
68 690
64 595
56 167
88 139
83 337
15 239
15 69
5 594
35 279
9 553
13 295
29 932
80 796
92 506
51 453
13 238
94 937
89 363
64 274
22 826
27 382
82 376
91 701
37 788
1 97
24 539
90 727
62 818
40 913
89 333
22 344
88 159
22 213
43 964
59 204
2 684
61 499
43 64
23 1020
34 936
10 184
87 865
2 610
46 1038
61 658
1 501
32 515
15 61
3 583
88 385
30 567
65 236
97 247
100 196
13 324
95 438
58 560
95 454
70 333
85 583
33 406
59 72
46 354
91 432
67 860
85 962
77 572
15 291
88 619
94 749
3 154
53 929
29 704
19 384
64 95
32 623
95 807
56 424
27 789
12 210
49 703
14 1002
36 934
81 776
70 990
58 1039
68 247
34 966
87 444
43 443
76 503
36 352
25 67
75 607
90 441
79 204
56 870
59 639
45 340
15 1007
2 512
88 238
60 757
20 555
38 676
72 752
21 331
63 358
9 827
38 53
59 100
28 317
76 202
7 507
40 45
56 416
85 939
1 52
33 174
45 944
37 841
65 746
99 673
20 996
12 742
35 181
94 295
56 655
11 308
29 61
61 1016
46 300
87 739
50 482
52 1042
13 927
34 976
39 650
40 217
73 519
87 983
42 865
75 217
88 874
26 282
18 444
71 275
39 351
11 315
73 1022
81 553
70 257
49 850
56 154
18 557
57 767
41 556
88 817
46 525
46 483
60 490
53 525
4 938
72 99
99 530
12 785
18 647
39 844
32 626
66 448
17 652
70 991
73 971
38 92
97 962
51 179
52 738
1 474
98 993
67 538
7 93
8 284
84 193
43 651
13 854
38 617
62 769
43 928
8 132
95 693
87 610
95 829
7 725
27 555
19 594
95 1085
64 203
29 945
87 742
20 328
81 399
93 1052
1 825
63 701
89 294
15 83
1 157
78 979
16 548
13 266
27 133
61 86
65 519
51 107
16 323
52 547
24 863
31 892
70 336
79 776
57 936
85 716
16 458
19 670
3 192
19 857
96 769
31 205
66 825
90 649
26 513
62 358
38 721
13 995
76 580
48 731
36 436
50 764
14 489
54 887
55 206
4 294
59 182
73 471
2 596
39 73
83 749
85 719
57 100
46 1031
18 497
93 562
36 45
21 387
65 941
65 280
45 969
91 628
50 575
9 187
84 239
46 717
93 669
44 514
92 971
18 303
98 772
39 984
51 120
83 578
49 1034
61 681
85 269
74 799
65 859
85 623
34 166
90 421
76 1054
75 431
75 707
52 121
6 36
94 256
30 128
86 194
64 1020
87 574
42 820
30 820
94 908
31 138
23 768
50 823
54 998
9 72
79 335
15 53
96 170
57 838
48 669
81 941
4 949
23 351
14 729
58 444
18 670
74 643
26 226
33 535
57 752
37 267
26 785
21 465
68 896
25 113
75 99
81 1063
86 184
27 61
18 932
1 369
100 517
73 632
10 358
24 722
94 1074
94 751
68 576
25 877
27 611
61 573
46 411
80 1001
72 945
18 838
9 458
55 695
49 943
10 592
11 141
67 372
13 133
64 300
7 622
70 408
3 232
38 982
33 432
91 457
9 902
21 1012
37 113
69 658
31 904
67 1021
79 591
40 448
80 138
70 784
15 611
61 1020
34 702
4 37
44 475
34 239
43 952
98 158
18 227
71 907
94 431
97 776
8 249
64 138
73 999
79 798
98 924
5 359
10 982
54 666
95 722
11 919
71 561
17 294
93 135
14 50
64 583
29 694
45 486
62 372
30 51
8 34
100 900
26 573
78 958
49 747
88 843
3 568
62 115
50 834
49 761
17 457
90 527
71 212
15 463
16 934
79 1004
48 408
25 376
56 996
8 251
30 124
76 86
30 452
96 866
69 650
6 827
2 896
93 348
8 86
8 137
57 241
37 81
41 399
78 748
32 331
17 637
51 541
85 210
85 163
10 266
70 280
64 786
95 927
46 965
29 483
92 401
47 845
71 370
84 334
68 982
35 361
90 644
65 171
7 361
53 775
80 577
36 116
27 960
18 879
67 303
40 799
71 286
16 397
93 928
19 55
31 746
57 722
98 562
15 36
64 920
5 281
36 638
50 357
11 72
36 911
79 472
64 83
49 442
57 102
29 239
49 237
85 526
69 122
85 397
5 559
98 454
4 935
78 850
44 988
34 863
97 702
28 803
4 353
93 942
80 524
55 856
94 1044
95 865
8 834
14 580
50 1025
93 1047
87 381
69 543
55 641
93 674
99 630
34 200
49 527
96 1042
31 166
2 289
88 1061
36 123
32 821
70 372
44 628
51 90
79 359
47 322
85 341
84 913
99 721
2 129
40 622
85 413
34 901
23 477
60 77
57 66
60 97
46 537
82 946
72 295
53 112
75 1036
11 294
79 643
41 1017
9 460
24 288
99 904
36 301
64 194
30 675
23 173
80 751
7 245
15 685
5 193
88 606
57 650
41 83
71 805
30 92
92 357
33 49
87 952
46 599
92 137
77 317
45 156
10 529
57 172
66 145
31 239
42 626
48 897
88 513
10 667
55 951
37 183
4 338
78 885
47 390
53 971
84 467
61 1026
38 674
4 168
48 93
38 990
20 953
76 102
14 637
28 855
41 564
92 891
95 615
75 804
45 1007
28 415
75 108
85 828
20 410
98 762
11 989
10 991
29 607
65 653
81 642
94 522
69 819
16 883
68 885
7 628
61 736
68 600
57 381
35 234
74 374
32 368
32 850
99 1099
47 283
59 381
96 1091
15 724
31 486
94 1074
53 423
11 371
72 589
10 946
47 716
62 681
30 489
54 289
73 920
17 964
69 319
100 1031
53 743
75 756
18 638
34 848
37 386
41 161
11 429
54 571
19 608
64 711
99 301
24 921
59 74
22 145
54 323
98 665
92 1044
61 821
13 142
5 858
56 80
89 259
10 145
66 953
68 1008
50 975
55 417
17 428
90 660
31 760
38 159
44 962
44 649
78 709
14 753
6 81
95 1037
46 1018
58 990
53 698
58 816
56 352
97 585
90 227
94 281
93 877
76 1014
66 151
20 937
1 608
76 454
87 751
59 447
42 491
23 543
93 695
36 1003
99 198
30 334
64 413
7 584
67 985
68 661
66 930
55 347
42 435
41 816
23 999
19 61
95 998
94 309
56 587
36 624
79 400
13 368
37 206
16 310
36 534
57 286
22 317
34 654
97 205
30 712
36 180
13 224
71 929
66 838
22 50
77 1001
6 988
70 620
25 31
63 915
4 382
27 315
74 510
94 549
67 196
59 361
15 748
91 1032
16 471
56 561
34 122
18 303
94 778
15 1006
46 868
11 773
29 773
10 344
21 540
43 325
59 704
95 620
87 882
10 733
89 411
5 448
13 967
91 904
67 392
25 886
72 748
81 117
82 724
2 253
18 618
49 942
29 718
26 297
61 216
63 896
24 775
64 353
17 220
82 978
12 985
67 944
93 860
28 31
56 124
63 634
79 292
91 273
5 433
89 358
79 468
81 678
31 684
45 540
68 740
24 922
39 899
30 926
38 722
63 564
81 482
77 442
70 562
38 136
29 144
97 879
37 466
58 391
32 710
55 173
23 498
41 717
15 370
90 497
91 222
100 1003
62 922
63 678
53 756
31 60
38 312
65 285
53 115
72 862
42 309
87 412
53 453
57 492
52 318
7 281
63 808
29 376
82 920
6 321
58 477
29 615
22 570
27 825
81 193
79 704
43 175
78 630
3 976
93 114
49 141
100 821
43 977
46 831
99 665
9 679
7 538
27 397
69 272
21 879
69 474
92 326
38 858
21 953
48 387
53 273
71 821
32 994
2 38
3 776
68 172
65 472
63 106
21 310
39 63
30 676
99 803
32 66
35 802
16 848
49 720
52 186
95 992
35 917
11 89
10 526
93 813
98 848
54 74
2 762
70 689
20 117
95 697
51 249
78 957
40 843
42 477
66 827
3 312
36 505
26 128
34 1026
84 674
61 446
38 477
12 239
53 627
36 530
37 966
90 636
65 315
49 66
64 809
51 1025
48 829
70 801
14 477
29 620
4 410
99 336
58 436
62 638
14 672
40 380
19 848
81 1080
11 108
72 245
27 912
63 670
32 117
19 431
79 937
61 596
93 952
73 851
30 90
99 604
33 454
40 798
44 898
20 57
42 747
73 686
53 945
1 275
89 303
97 672
63 621
64 384
84 325
42 514
91 585
66 634
95 845
11 954
14 449
90 169
49 179
97 110
21 553
96 220
22 224
57 947
15 54
55 562
22 663
68 566
18 784
71 499
52 61
38 158
56 357
93 1037
87 364
67 397
79 989
48 625
84 253
19 316
67 768
27 849
79 1053
92 472
67 686
33 516
60 275
43 992
96 833
18 186
68 800
61 71
41 467
23 176
61 129
1 320
90 282
26 736
13 563
59 397
13 75
80 559
77 237
9 367
82 654
29 382
81 95
25 306
37 877
55 653
94 407
48 687
99 511
33 607
70 726
85 292
10 616
20 125
94 315
36 218
34 611
14 143
67 668
83 867
50 388
74 864
76 695
36 1025
95 987
79 763
61 275
22 24
30 251
12 963
79 229
19 187
61 956
1 332
10 927
7 147
66 892
57 492
86 569
42 351
65 843
16 262
72 474
49 841
50 773
61 424
40 898
67 391
68 148
78 940
28 1006
22 990
82 935
36 764
19 879
56 629
57 558
89 896
33 734
16 587
56 723
45 227
4 890
47 922
60 849
86 440
94 528
28 659
72 969
25 416
48 231
96 106
26 478
47 585
25 30
76 393
43 139
48 985
33 547
2 623
35 69
83 364
83 573
51 95
90 811
33 313
81 139
74 917
4 887
92 1041
61 683
81 546
63 240
61 828
83 851
70 896
14 53
48 77
79 994
92 248
91 844
23 914
17 101
54 908
16 73
57 709
91 154
41 140
70 354
25 695
79 834
3 343
87 955
41 960
91 264
76 815
47 575
2 965
86 498
54 911
86 771
8 74
25 869
98 611
19 765
35 120
23 477
6 288
78 281
89 606
53 230
82 846
1 319
36 610
45 165
44 521
73 929
90 178
73 1025
60 150
15 955
12 198
94 182
24 349
76 717
3 788
22 829
2 224
82 465
59 142
93 1058
32 347
88 745
25 790
97 852
17 334
7 395
91 384
23 308
18 596
41 464
29 884
25 304
26 207
38 303
90 540
34 128
63 426
75 447
45 835
83 618
58 907
81 784
22 59
75 469
20 570
73 288
90 534
45 706
88 903
37 249
44 760
65 629
96 909
35 127
66 857
27 291
28 506
34 66
15 544
85 731
24 510
18 496
76 406
48 625
49 723
76 998
5 335
90 197
81 448
2 164
54 540
43 387
83 1007
13 204
46 359
21 499
70 260
97 119
57 885
79 546
76 665
89 534
94 502
61 915
32 290
93 475
77 422
62 756
52 359
6 1000
30 811
65 175
54 490
100 375
74 484
76 105
21 545
22 966
39 946
77 1065
90 1055
68 271
73 842
18 151
85 426
7 1000
12 328
99 243
45 514
51 220
59 59
85 236
26 930
23 331
40 122
24 265
27 474
12 753
32 189
88 656
100 483
1 489
21 373
13 495
71 774
51 766
28 962
61 745
49 900
60 783
32 813
13 409
17 342
98 1055
18 427
99 433
37 876
87 834
55 666
51 597
10 365
63 748
95 1088
76 103
29 935
78 260
99 339
48 418
44 557
1 626
77 846
51 987
10 671
30 171
64 256
6 222
39 484
12 359
50 719
24 459
20 311
40 436
87 927
62 97
34 1015
54 237
21 428
88 617
14 490
11 365
88 838
13 684
52 874
2 166
41 172
74 593
50 752
59 70
63 732
86 497
55 844
7 317
55 319
95 744
15 633
58 572
48 847
61 790
43 907
69 1064
47 161
23 457
69 846
50 941
87 168
20 27
44 1014
91 695
34 236
66 898
79 824
59 504
7 482
37 77
16 904
63 534
47 98
77 779
48 306
55 400
87 390
99 937
4 559
35 218
38 403
54 71
58 390
39 690
5 615
15 380
94 131
69 825
51 305
23 109
69 165
17 761
19 667
64 505
36 389
59 764
80 329
94 934
68 650
59 100
10 344
48 87
19 642
93 746
13 404
66 808
11 356
82 849
39 471
52 74
24 997
96 359
93 761
96 1000
11 867
56 1044
15 827
25 609
34 344
79 605
70 944
32 742
7 390
74 558
28 806
56 337
96 801
100 290
36 549
86 132
78 486
24 718
37 316
1 417
27 46
54 726
17 298
35 508
77 886
82 407
13 239
29 47
91 423
29 94
79 373
94 823
78 924
59 661
54 704
77 413
70 468
61 1013
72 84
44 392
41 395
57 212
60 934
96 606
27 572
90 264
87 486
33 445
5 681
74 1064
11 657
63 637
45 130
27 792
68 446
39 337
97 419
58 748
60 90
20 659
75 245
80 440
73 514
54 837
3 772
37 606
96 598
31 415
69 203
49 670
16 115
51 274
28 141
74 370
23 908
21 806
100 852
52 615
53 413
97 319
54 976
77 362
41 829
47 692
14 694
88 1071
82 862
82 407
65 613
69 470
29 908
52 558
97 572
37 882
58 218
23 432
37 40
69 918
43 824
60 731
23 722
13 405
75 743
54 1051
54 474
25 676
4 637
29 170
79 713
65 147
77 661
94 512
3 335
79 334
22 604
81 564
88 181
48 71
96 711
84 482
71 594
25 895
21 489
48 788
31 210
61 1020
92 1035
26 356
17 317
9 924
4 215
74 546
59 309
88 705
57 304
23 1019
60 572
83 196
78 935
43 936
21 271
60 799
9 16
96 129
88 781
53 940
67 548
50 122
54 1034
34 938
92 642
16 748
100 721
83 629
92 116
57 549
93 154
38 869
51 899
93 880
6 378
52 785
66 710
84 534
55 861
16 122
19 886
34 810
75 846
15 754
22 397
53 725
44 189
32 846
62 277
34 133
43 700
89 164
59 979
91 594
97 347
97 363
44 346
89 544
43 849
58 774
34 615
36 644
5 784
18 169
67 362
4 230
48 625
47 777
38 352
92 254
73 722
40 526
92 542
87 388
20 781
89 220
19 641
38 917
50 313
82 315
4 875
28 625
39 190
75 87
34 406
93 613
96 987
67 482
62 695
22 1017
45 704
20 621
65 386
67 450
49 935
63 726
22 913
68 561
23 518
49 63
86 1055
9 359
29 345
27 256
20 304
78 874
94 902
16 681
26 391
64 534
73 1007
82 1010
2 862
96 962
68 987
30 789
26 398
86 119
52 693
13 987
43 562
9 286
71 1055
69 935
95 645
11 1004
8 465
73 608
32 282
33 849
95 282
89 1047
84 962
32 265
89 823
59 240
6 629
35 600
36 129
96 290
94 944
9 936
17 552
39 101
27 260
32 631
98 693
62 537
13 562
7 333
82 156
26 515
