4 13
9 41
8 27
4 96
18 21
19 64
2 13
3 37
8 74
20 13
18 35
18 63
8 67
19 45
1 30
14 53
9 29
7 53
4 21
13 22
12 54
20 43
2 68
18 25
13 20
18 47
20 56
19 34
3 15
8 47
3 39
4 58
9 68
12 30
12 55
7 95
9 99
3 87
6 78
8 30
15 58
9 91
18 38
11 17
8 14
11 61
9 18
7 82
11 37
16 60
15 28
9 27
8 81
18 43
19 64
19 61
12 38
5 75
16 21
2 24
5 90
6 97
14 86
3 59
13 86
15 77
9 80
1 97
4 97
18 44
11 24
10 65
6 68
1 43
17 32
17 23
10 91
17 87
7 29
12 30
18 77
1 86
11 72
1 24
12 49
8 17
8 82
3 20
16 18
18 26
5 94
16 80
6 43
17 87
14 37
18 98
7 49
13 95
12 66
17 67
