1 4
3 4
1 5
5 6
1 6
3 6
2 6
4 6
2 8
1 9
5 9
2 9
7 10
4 10
8 10
5 10
3 10
1 10
9 10
2 10
5 11
3 11
4 11
7 11
9 11
2 12
2 13
6 13
11 13
5 13
1 13
10 13
9 14
2 14
7 14
12 14
13 14
5 14
11 14
10 15
4 15
12 15
2 15
1 15
13 16
5 16
2 16
4 17
7 17
5 17
12 18
6 18
16 18
15 18
4 18
11 18
5 18
6 19
8 20
6 20
15 20
13 20
5 20
11 20
12 20
9 20
11 21
2 21
8 21
13 23
9 23
3 23
7 23
19 23
7 24
21 24
16 24
13 24
15 24
9 25
5 25
24 26
18 26
9 26
19 27
13 27
12 27
8 27
5 27
17 27
3 28
25 28
2 28
4 28
5 28
21 28
6 28
20 29
3 29
13 29
26 29
28 29
15 29
9 30
18 30
1 30
22 30
24 30
4 30
26 30
28 30
25 31
21 31
11 31
4 31
14 32
6 32
15 32
1 32
12 33
7 33
20 33
13 33
24 34
11 34
34 35
1 35
21 35
16 35
33 35
4 35
12 35
27 35
16 36
4 36
6 36
32 36
35 37
9 38
31 38
11 39
17 39
34 39
28 39
14 39
13 39
20 39
33 39
29 40
34 40
8 40
16 40
15 40
22 41
15 43
38 43
42 43
1 43
5 43
4 43
40 43
41 43
5 45
33 45
16 45
18 45
43 45
14 46
35 46
9 46
37 46
42 46
31 46
16 46
27 47
13 47
7 47
44 47
28 47
23 47
42 47
30 48
4 48
44 48
42 48
45 48
7 48
47 50
22 50
7 50
16 50
13 50
45 50
29 51
9 51
28 51
12 51
18 51
30 51
16 51
5 51
36 52
7 52
4 52
42 52
35 52
1 52
6 52
11 53
27 53
32 53
14 54
26 54
4 54
11 54
25 54
1 54
49 54
51 55
30 55
19 55
28 55
43 56
46 56
32 56
10 56
13 56
19 56
14 56
4 56
4 57
48 57
21 57
56 57
53 57
38 57
31 57
33 57
11 58
4 58
33 58
6 58
12 58
5 58
39 58
52 58
26 59
8 59
57 59
38 60
39 60
3 60
27 61
21 62
60 62
17 62
14 62
43 62
46 62
61 62
16 62
26 63
9 63
43 63
42 63
30 64
21 64
60 64
49 64
2 65
13 66
10 66
35 66
14 66
33 66
17 66
9 66
9 67
32 67
48 67
37 67
21 67
39 68
2 68
67 68
14 68
61 68
57 68
9 68
15 69
14 69
20 69
35 69
27 70
44 70
34 70
65 70
33 71
7 71
12 71
55 71
36 71
6 71
1 71
17 72
34 72
21 72
57 72
71 72
72 73
2 73
15 73
10 73
20 73
5 73
71 74
19 74
56 74
17 74
6 74
47 75
6 75
46 75
27 75
14 76
46 76
72 76
20 77
31 77
21 77
23 77
53 77
4 77
43 78
53 78
35 79
21 79
14 79
5 80
61 80
29 80
26 80
59 80
45 80
30 81
29 81
4 81
25 81
43 82
36 82
9 82
80 82
45 82
66 82
69 83
43 83
4 83
15 83
34 83
23 83
5 84
14 84
77 84
56 84
41 85
56 85
78 85
66 85
15 85
74 86
25 86
33 86
6 86
56 86
1 86
69 87
86 87
26 87
47 87
56 87
9 87
43 87
80 87
85 88
16 88
39 88
65 88
40 88
42 89
52 89
38 89
71 89
17 89
25 89
86 90
49 90
87 90
23 90
79 90
73 90
52 91
71 91
1 91
39 91
27 92
56 92
75 92
78 92
60 93
57 93
87 93
28 93
66 93
22 94
85 94
11 94
37 94
66 94
82 94
80 94
12 95
31 95
87 95
40 95
29 95
19 96
4 96
6 96
61 97
79 97
10 97
54 98
81 98
74 98
25 98
92 98
90 98
50 98
52 99
32 99
19 99
84 99
89 99
1 99
97 99
55 100
23 101
90 101
67 101
7 102
72 102
32 102
16 102
59 102
18 102
60 102
72 103
77 103
41 103
97 103
57 103
79 103
93 103
65 103
71 104
58 104
21 104
96 104
61 104
34 104
82 105
36 105
99 105
63 106
81 106
31 106
36 106
57 106
10 106
92 106
37 106
35 107
43 107
41 107
11 108
18 108
20 108
30 108
50 108
89 108
91 108
28 108
54 109
43 110
70 110
60 110
54 110
8 110
27 110
50 111
99 111
75 111
90 111
3 111
110 111
62 112
1 112
46 112
39 112
97 112
50 112
69 113
96 113
95 113
70 113
103 113
78 113
63 114
29 114
35 114
63 115
4 115
50 115
44 115
86 115
87 115
93 116
22 116
108 116
60 116
17 116
80 116
4 117
51 117
76 117
73 117
85 117
11 117
83 117
55 117
111 118
60 118
7 119
34 119
42 120
28 120
59 120
44 120
98 120
113 120
36 121
97 121
107 121
54 121
33 121
11 121
3 122
96 122
70 122
7 122
45 122
29 122
84 122
100 123
26 126
108 126
3 126
31 127
17 127
86 128
15 128
73 128
122 128
28 128
60 128
90 128
95 129
43 129
30 129
42 129
28 130
7 130
80 130
97 130
51 131
20 131
63 131
27 131
78 131
31 131
110 133
95 133
18 133
130 133
88 133
126 135
28 135
111 135
93 135
118 135
40 135
46 136
134 136
70 136
124 136
120 136
112 136
83 137
63 137
23 137
72 137
63 138
119 138
98 138
87 138
8 138
127 138
84 138
125 139
55 139
67 140
88 140
72 140
71 140
3 140
49 141
22 141
62 141
105 141
126 141
122 141
115 141
5 141
76 142
104 143
63 143
79 143
122 144
142 144
136 144
89 144
109 144
85 145
91 145
117 145
70 145
79 145
65 145
60 145
31 145
81 146
31 146
138 146
50 147
56 147
71 148
135 148
73 148
26 148
50 148
76 148
59 148
46 149
78 149
4 149
137 149
33 149
12 150
14 150
142 150
75 150
126 151
27 151
121 153
123 153
113 153
88 153
14 154
65 154
30 155
17 155
103 155
126 155
19 155
148 155
14 155
39 156
145 156
22 157
64 157
31 157
143 157
156 158
153 158
58 158
134 158
98 158
116 158
77 159
151 159
110 159
79 159
146 159
16 159
157 159
54 160
68 161
21 161
41 161
45 162
142 162
20 162
1 163
105 163
153 164
121 164
75 164
9 164
60 164
74 164
73 164
19 165
60 165
68 165
161 165
151 165
51 165
109 165
140 166
166 167
39 167
69 167
19 168
16 168
79 169
153 169
113 170
32 170
120 170
78 170
70 171
129 171
139 171
127 171
113 171
21 171
83 173
155 173
65 173
7 173
24 173
59 173
148 175
11 175
45 175
121 175
167 176
114 176
72 176
47 176
150 176
112 176
163 176
126 176
121 177
105 178
86 178
83 178
172 178
27 178
85 179
106 179
74 180
170 180
103 180
141 180
10 180
117 180
23 180
65 181
83 181
30 181
104 181
132 181
119 183
106 183
14 183
49 183
133 183
93 183
160 183
128 183
14 184
53 184
69 184
141 184
34 184
74 184
113 184
32 185
8 185
162 185
156 185
62 185
182 185
41 185
142 186
4 186
105 186
24 186
30 187
119 187
31 187
128 188
184 188
131 189
181 189
70 189
107 189
121 190
63 190
117 190
142 190
38 190
99 190
49 190
35 191
18 191
71 191
107 191
88 191
130 191
69 191
1 191
186 192
77 192
151 192
149 192
39 193
115 193
138 193
124 193
89 193
86 193
142 193
97 194
117 194
83 194
49 194
179 194
62 194
147 194
99 194
106 195
12 195
82 195
181 196
98 196
99 196
170 196
167 196
39 196
127 196
129 198
152 198
26 199
113 199
135 199
117 199
4 199
105 200
168 200
20 201
121 201
87 202
160 202
178 202
102 202
85 203
98 204
82 204
161 204
184 204
195 204
125 204
139 204
10 204
61 205
59 206
192 206
24 206
112 206
195 207
114 208
178 209
77 209
204 212
15 212
76 212
92 212
96 212
38 213
63 213
136 213
106 213
145 213
175 213
44 214
45 214
157 215
159 216
175 216
62 216
128 216
150 216
37 216
119 217
164 217
66 217
66 218
171 218
3 218
206 218
120 218
74 218
174 218
41 219
19 219
114 219
89 219
151 219
77 219
164 219
109 219
117 220
217 220
78 220
51 220
219 221
124 221
28 221
61 221
98 221
147 221
148 222
76 222
180 222
6 222
213 222
71 223
3 223
145 223
222 223
176 223
200 223
214 225
74 225
199 225
205 225
59 225
156 225
206 225
57 226
163 226
49 226
159 226
65 226
161 227
25 227
202 229
113 229
9 229
149 229
188 230
34 230
24 230
76 230
84 230
45 231
52 231
34 231
202 231
139 231
225 231
136 232
129 232
70 232
213 232
43 232
212 233
124 233
207 233
76 233
206 234
30 234
120 234
20 234
37 234
221 235
174 235
186 235
217 236
206 236
143 236
94 236
24 236
203 236
4 237
68 237
138 237
32 237
117 237
95 237
150 238
98 238
211 238
164 238
28 239
173 239
60 239
121 239
7 239
84 240
235 240
157 240
57 240
166 240
17 240
163 240
211 240
233 241
180 241
78 241
167 241
105 241
30 241
36 241
127 244
30 244
25 244
61 244
35 245
100 245
117 245
95 245
172 245
244 245
191 245
179 245
108 246
151 246
191 246
187 246
40 246
227 246
107 246
168 246
214 247
158 248
105 248
241 248
244 248
72 248
9 248
177 248
56 249
114 249
244 249
61 249
219 249
26 250
176 250
95 250
140 250
231 250
16 251
102 251
71 251
49 251
248 251
243 252
24 253
170 253
55 253
165 253
164 253
153 253
249 253
63 256
254 256
33 256
202 256
145 256
36 257
107 257
111 257
169 258
76 258
2 258
75 259
67 259
129 259
90 259
14 260
8 261
184 261
166 262
9 262
90 262
27 263
65 263
216 263
59 263
244 264
186 265
263 265
56 265
232 265
258 265
114 265
23 265
155 266
235 266
16 266
32 266
246 266
206 266
219 266
56 266
228 267
38 267
42 267
165 267
76 267
34 267
65 267
167 268
196 268
151 268
233 268
221 269
51 269
59 269
111 269
232 269
117 269
212 269
174 269
205 270
213 270
49 270
161 270
219 270
131 270
192 270
243 271
35 271
44 272
222 273
191 274
31 275
169 275
211 276
217 277
27 277
148 277
160 277
181 277
260 278
80 279
247 279
115 279
180 280
189 281
59 281
143 281
116 281
220 281
14 281
137 281
15 281
140 282
159 282
180 283
4 283
93 283
74 283
206 283
73 284
272 286
193 287
215 287
233 287
81 288
190 288
160 288
167 288
44 288
81 290
26 290
140 291
218 292
249 292
227 292
213 292
140 292
111 292
263 292
177 293
57 294
146 294
250 294
270 294
158 294
24 294
203 295
29 295
4 295
155 296
109 296
71 296
149 297
168 297
62 297
4 297
221 298
90 298
67 298
195 298
273 298
118 298
257 298
182 299
37 299
204 299
22 299
224 299
10 299
236 299
40 299
295 300
220 300
294 300
208 300
214 300
59 301
208 301
11 301
167 301
236 302
186 302
224 303
125 304
302 305
206 305
269 305
41 305
203 305
159 305
114 306
171 306
87 306
40 306
262 306
272 307
100 308
179 308
180 308
76 308
121 308
53 308
75 308
132 308
89 309
79 309
39 309
253 310
238 310
290 311
166 311
162 311
78 311
226 311
35 311
241 311
156 312
141 312
303 312
29 312
181 312
260 312
38 312
237 313
232 313
20 313
30 313
147 314
40 314
47 314
305 314
260 314
237 315
298 315
284 315
22 315
231 315
293 315
165 316
310 316
244 316
78 317
32 317
231 317
53 317
176 317
44 317
259 317
89 317
225 319
269 319
268 319
187 320
191 320
199 321
210 321
174 321
307 321
34 323
169 323
49 323
286 323
198 323
130 324
309 324
77 324
171 324
299 325
180 326
159 326
67 327
305 327
44 327
159 327
287 327
193 327
66 328
270 328
48 328
217 328
261 328
10 329
186 329
159 329
93 329
110 329
249 330
99 330
116 330
71 330
80 330
152 331
260 332
270 333
20 333
173 333
317 333
68 333
306 333
193 333
79 333
93 334
320 334
225 335
23 335
187 336
122 336
228 336
313 336
146 336
230 336
274 337
123 337
159 337
100 338
189 338
293 338
226 338
237 338
145 338
196 338
271 339
215 339
83 339
103 339
310 339
71 339
129 339
27 339
191 340
284 340
53 340
265 340
64 340
146 340
43 340
140 341
231 341
76 342
224 342
47 342
114 342
231 342
179 342
14 342
213 342
258 344
192 344
121 344
198 344
42 344
115 344
51 346
333 346
172 346
75 346
71 346
242 348
72 348
241 348
230 348
10 350
111 351
77 351
281 351
312 351
217 352
57 352
148 352
122 352
155 352
63 352
25 352
123 352
328 353
319 353
235 353
33 353
57 353
256 353
9 354
324 354
264 354
295 354
124 354
74 354
150 354
220 354
124 356
293 356
214 356
96 356
341 356
269 357
35 358
270 358
279 358
260 358
284 358
241 360
23 360
326 360
199 360
192 360
130 360
35 362
177 362
124 362
337 362
322 362
298 363
69 364
23 364
181 364
280 364
174 364
351 365
238 365
324 366
94 366
70 366
33 366
235 366
19 366
151 366
23 367
103 367
22 367
159 368
264 368
204 368
279 368
243 368
19 369
332 369
98 369
147 369
25 370
336 370
170 370
140 370
64 370
224 371
205 371
226 371
198 371
174 371
255 372
355 372
189 373
266 373
137 373
43 373
218 373
41 373
221 373
280 374
151 374
53 375
41 375
168 375
339 375
152 375
229 376
309 376
368 376
219 376
354 377
228 377
229 378
22 378
373 378
181 378
315 378
141 379
328 379
30 379
39 379
344 379
327 379
187 380
263 380
348 380
82 380
16 380
74 380
18 381
65 381
35 381
121 381
331 381
188 381
186 381
291 382
17 382
310 382
79 382
348 382
231 382
191 383
228 383
40 383
294 383
71 383
188 384
204 384
161 384
333 384
143 384
128 384
59 384
14 384
256 385
266 385
288 386
61 386
135 386
134 386
361 386
229 386
314 387
147 387
356 387
103 388
63 388
70 388
38 388
232 388
89 388
366 388
45 389
350 389
164 389
342 389
178 389
364 389
34 389
278 390
149 390
154 390
81 390
365 390
364 390
359 390
327 390
186 391
261 391
63 392
103 392
72 392
253 393
14 393
185 393
294 394
189 394
240 394
283 394
67 394
314 394
45 394
34 394
204 395
368 395
369 395
246 395
211 396
394 396
210 396
295 396
38 396
65 396
163 396
329 396
231 397
349 398
265 398
177 398
66 398
283 398
328 398
301 398
394 399
67 399
258 400
29 400
64 400
266 400
79 400
156 400
83 401
166 401
178 402
266 402
146 402
129 403
326 404
283 404
141 404
321 405
156 405
48 406
258 406
329 406
87 406
304 406
298 406
79 406
88 406
289 407
22 407
15 407
42 407
24 407
334 408
108 408
393 408
293 408
317 409
328 409
16 409
255 409
322 409
280 409
329 410
155 410
248 410
126 410
153 411
233 411
38 411
353 411
31 411
81 411
213 412
248 412
238 412
105 412
175 412
311 412
74 412
368 413
164 413
376 413
177 413
205 413
390 414
190 414
288 415
55 415
164 415
124 415
239 415
63 415
137 415
231 415
73 416
50 416
26 416
197 417
316 417
215 417
128 417
417 418
168 418
98 419
391 419
82 419
256 419
264 419
256 420
158 420
255 420
12 420
47 420
202 420
259 420
124 421
111 421
299 421
181 421
25 421
26 421
145 421
306 422
335 422
345 422
241 422
147 422
275 422
5 422
221 423
136 424
373 424
392 425
207 425
188 425
24 425
206 425
100 427
186 427
284 427
148 427
38 427
198 427
259 427
231 427
144 428
423 428
320 428
349 428
313 428
61 428
66 428
50 428
192 429
407 429
174 429
286 429
188 429
387 429
102 430
309 430
206 431
257 431
21 431
24 431
20 431
71 431
366 431
171 431
266 432
234 432
77 432
311 432
264 432
72 432
168 432
84 433
202 433
316 433
379 433
432 433
304 434
173 434
260 434
425 434
273 435
251 435
363 435
289 435
154 435
244 435
418 435
9 435
170 436
345 436
57 436
214 436
299 436
408 437
372 437
353 437
323 437
136 439
336 439
401 439
398 439
297 439
296 439
117 439
88 441
269 441
323 441
370 441
318 441
397 441
431 441
76 442
421 442
349 442
125 442
17 442
294 442
98 443
161 445
215 445
78 445
212 445
354 445
105 445
211 445
397 446
314 446
242 446
435 446
377 446
373 446
32 446
362 446
266 447
107 447
167 448
340 448
245 448
270 448
193 448
161 448
89 448
236 448
176 449
280 449
182 449
347 449
396 449
445 449
370 449
349 449
313 450
248 450
99 450
127 450
286 451
153 451
116 451
395 451
361 452
107 452
354 452
251 452
246 453
179 453
287 453
408 453
370 453
148 454
63 454
294 454
347 454
195 455
203 455
420 455
177 455
396 455
412 455
75 455
149 455
366 457
41 457
178 457
227 457
383 458
246 458
110 458
104 458
139 459
288 459
357 459
140 459
71 459
56 459
316 459
380 459
125 460
26 460
343 460
116 461
327 461
120 461
27 461
52 461
212 461
170 461
368 461
52 462
349 462
395 462
71 462
3 462
282 462
81 462
335 463
451 463
450 463
244 463
245 463
334 463
388 464
148 464
165 464
331 465
31 465
394 465
46 465
274 466
379 466
371 466
214 468
452 468
19 469
429 469
404 470
254 470
96 470
384 470
447 470
149 470
291 473
309 473
55 473
172 473
233 474
329 474
279 474
269 474
456 475
69 475
436 475
259 475
240 475
140 475
99 475
170 476
375 477
235 477
368 478
96 478
8 478
378 478
405 479
152 479
291 479
346 479
388 479
90 480
313 480
439 480
424 481
219 481
264 481
168 481
45 481
206 481
95 482
245 483
166 483
4 484
134 484
197 484
229 485
386 485
137 485
155 486
299 486
371 486
294 486
6 486
335 487
185 487
355 487
121 487
239 489
82 490
208 490
352 490
258 490
354 491
61 491
328 491
470 491
189 492
315 492
114 492
113 492
245 493
79 493
383 494
311 494
192 494
213 494
360 494
282 494
468 494
388 495
276 495
411 495
341 495
423 495
112 495
391 495
349 496
387 496
306 496
270 497
271 498
361 498
186 498
40 498
470 498
289 498
58 498
463 500
259 500
104 500
294 500
275 500
77 500
85 500
168 500
227 501
60 501
349 501
106 501
368 501
299 501
251 501
47 501
229 502
415 502
29 502
233 502
68 502
263 502
213 502
234 502
237 504
345 504
414 504
158 504
371 504
12 504
203 504
131 504
297 506
38 506
24 506
177 507
359 507
33 507
278 507
31 507
479 507
505 508
17 509
147 509
210 509
93 509
394 509
70 509
393 509
192 510
509 510
457 510
196 510
230 510
446 510
193 511
42 511
350 511
494 511
339 511
448 511
69 512
335 512
441 512
179 512
61 512
92 512
509 512
276 512
131 513
229 513
4 513
24 513
306 513
475 513
435 514
389 514
236 514
254 514
472 514
355 514
159 514
283 514
116 515
33 515
430 515
212 517
69 517
104 517
50 519
251 519
46 519
412 519
450 519
240 519
223 519
516 521
297 521
327 522
329 522
243 522
147 523
227 523
424 523
308 523
63 524
180 524
438 524
508 524
391 526
327 526
427 526
419 526
153 526
386 527
189 527
485 527
247 527
308 528
148 528
475 528
423 530
427 530
138 530
398 530
249 530
262 530
209 530
339 530
461 531
95 532
196 532
53 532
275 532
387 532
193 534
223 535
491 535
214 535
341 535
311 535
16 535
217 535
195 535
491 536
210 537
407 537
246 537
330 538
290 538
390 538
478 538
368 538
316 538
268 538
369 538
510 539
478 539
101 539
481 539
328 539
209 539
380 539
321 539
47 540
227 540
150 540
17 540
268 540
428 540
157 541
201 541
338 541
236 541
252 542
512 542
346 542
264 542
501 542
503 542
173 543
361 543
174 543
144 543
501 543
189 543
61 543
35 544
77 544
50 544
7 544
423 544
141 544
237 544
70 544
10 545
224 545
467 546
383 546
62 546
495 546
500 546
17 546
7 546
545 546
422 547
13 547
18 547
543 547
282 547
294 547
515 547
441 547
110 548
99 548
153 549
247 549
197 549
540 549
259 549
363 549
274 549
407 549
383 550
471 551
250 551
232 551
308 551
83 551
33 551
416 552
387 553
488 553
58 553
10 553
176 553
85 553
445 554
340 554
98 554
541 554
44 554
236 554
217 554
278 555
48 555
77 555
288 555
34 555
184 555
323 555
148 557
408 557
79 557
167 558
247 558
399 558
554 558
394 559
144 559
81 559
513 559
355 559
448 561
78 562
349 562
407 562
31 563
280 563
462 563
503 563
234 563
385 564
443 564
191 564
390 564
88 564
253 565
76 565
85 565
275 565
390 566
158 566
325 567
370 567
110 567
94 567
6 567
316 567
369 568
277 568
105 568
136 568
90 568
192 568
442 568
525 569
418 569
106 569
27 569
92 569
363 569
568 569
333 570
13 571
299 571
424 571
398 571
87 571
249 571
174 572
390 572
143 572
276 572
309 572
275 572
505 572
150 572
172 573
283 574
432 574
307 574
496 574
79 574
370 574
253 575
508 575
201 575
469 575
139 576
7 577
406 577
341 577
390 577
451 578
343 578
441 578
140 578
308 578
206 579
491 579
322 579
182 579
408 579
299 580
503 580
249 580
334 580
386 580
403 581
374 581
117 581
578 581
559 582
185 582
564 582
215 584
449 584
299 584
71 584
419 584
512 584
143 584
248 585
259 585
158 585
434 585
76 586
460 586
491 586
411 586
548 586
519 586
557 587
38 587
369 587
550 587
88 587
112 587
364 588
171 588
46 588
340 589
441 589
109 589
11 589
101 589
265 589
523 590
532 590
572 590
457 591
384 591
401 591
513 592
155 592
354 592
26 592
495 592
108 592
303 592
88 593
119 593
146 593
357 593
320 593
352 593
212 594
534 594
495 594
357 594
488 594
100 594
449 594
327 595
69 595
308 595
46 595
118 595
24 595
352 595
169 596
529 597
179 597
566 597
339 598
574 598
474 599
238 599
415 599
189 599
191 599
443 599
30 600
203 600
461 600
440 600
399 600
5 600
211 601
286 601
65 601
550 602
375 603
334 603
469 604
117 604
269 604
541 605
321 605
398 605
402 605
602 605
117 605
357 605
469 606
177 606
305 606
605 606
87 606
321 607
121 607
313 608
120 608
188 608
145 609
524 609
398 609
429 609
142 609
434 610
191 610
499 610
551 610
178 610
569 610
502 611
296 611
192 612
323 612
55 613
368 613
10 613
497 613
140 613
200 613
394 613
518 614
507 614
419 614
504 614
426 614
455 614
501 614
172 614
579 615
300 617
34 617
282 617
551 618
296 618
173 618
580 619
508 619
563 619
524 619
116 619
587 619
117 619
557 620
376 620
556 620
43 620
560 621
224 621
436 621
105 621
254 621
305 621
34 621
270 622
357 622
90 622
450 622
121 622
243 622
215 622
439 623
170 623
143 623
212 623
61 623
546 624
288 624
612 624
552 624
173 624
300 625
297 625
587 625
274 625
527 625
139 626
61 627
284 627
130 627
136 627
256 627
150 627
254 628
403 628
502 628
146 628
592 628
425 629
385 629
463 629
78 629
413 630
285 631
378 631
466 631
500 631
336 631
596 631
3 631
96 631
367 632
65 632
548 632
408 632
224 632
440 632
217 632
275 633
331 633
291 633
346 633
561 633
592 633
134 633
352 634
50 634
48 634
102 634
471 634
17 634
128 634
452 635
468 635
208 637
136 637
310 637
163 637
281 637
96 637
257 638
85 638
381 638
170 638
54 638
313 639
240 639
440 639
94 639
98 639
2 639
489 640
80 640
136 640
532 641
456 641
10 641
124 643
433 643
136 643
490 643
73 643
393 644
92 644
105 644
321 645
307 646
141 646
392 646
137 646
147 646
544 647
451 649
360 649
644 650
156 650
422 650
223 651
89 651
103 651
144 651
127 651
604 651
394 651
440 652
323 652
144 652
254 652
284 652
255 653
616 654
615 654
623 654
292 654
28 654
309 654
211 654
531 654
194 655
402 655
303 655
56 655
246 655
507 655
396 655
116 655
512 656
654 656
609 656
541 657
325 659
136 659
397 659
583 659
431 659
560 660
177 660
483 660
75 660
18 660
15 661
221 662
41 662
62 662
408 662
294 663
644 663
514 663
426 663
434 663
412 663
85 663
656 663
551 664
631 664
157 664
285 664
86 664
318 664
81 664
524 664
160 665
550 665
335 665
601 666
650 666
659 666
68 666
318 666
448 666
60 667
251 667
89 667
119 668
465 668
627 668
624 668
57 668
317 668
123 669
13 669
12 670
168 670
356 671
536 671
530 671
266 671
171 671
381 671
130 671
121 672
31 672
344 672
440 672
537 673
66 673
270 673
591 673
509 674
524 675
369 675
57 675
512 675
581 675
171 675
377 675
262 676
106 676
234 677
3 678
46 678
13 678
251 678
48 678
484 678
373 678
393 678
184 679
37 679
672 680
430 680
230 680
330 680
255 680
427 680
328 680
278 680
586 681
123 682
515 682
54 682
184 682
229 682
48 683
411 683
71 683
477 683
290 683
319 683
336 683
89 683
468 684
9 684
378 684
206 684
299 684
578 684
312 684
638 684
476 685
378 685
606 685
201 686
560 686
252 686
155 686
7 686
420 686
25 686
555 687
355 687
652 687
2 689
674 689
386 689
315 689
107 689
543 690
244 690
430 690
62 691
146 691
287 691
96 691
45 691
238 691
533 691
382 692
470 692
87 692
595 692
98 692
518 692
653 693
404 693
607 694
679 696
134 696
243 696
299 696
268 696
323 696
335 697
326 697
464 697
279 697
240 697
77 697
140 698
599 698
112 698
109 699
169 699
478 700
322 700
417 700
124 700
549 700
367 700
213 700
316 701
475 701
272 701
123 701
93 701
162 701
312 701
336 703
152 703
94 703
365 704
406 704
526 704
267 706
179 706
32 706
415 706
570 707
564 707
256 707
97 707
474 707
105 707
144 707
13 708
134 710
203 710
411 710
703 711
646 711
661 711
87 711
597 711
77 712
23 712
67 712
203 712
132 713
95 713
340 713
126 713
44 713
473 713
52 713
588 714
444 714
509 715
31 715
392 715
700 715
437 715
177 715
220 716
192 716
282 716
287 716
457 716
36 717
629 717
663 718
303 718
511 718
564 719
491 719
63 719
90 719
287 719
393 719
430 720
205 720
256 721
646 721
557 721
20 721
392 721
368 721
492 721
558 721
353 722
580 722
515 722
330 722
398 722
277 722
185 722
612 724
225 724
31 724
288 724
60 724
543 725
367 725
599 725
239 725
164 725
103 725
254 725
273 726
547 726
58 726
590 727
398 727
364 727
181 728
243 728
715 729
368 729
606 729
29 729
721 729
582 730
578 730
146 730
577 730
193 730
556 731
317 731
180 731
503 731
39 731
93 731
58 731
617 732
225 732
21 732
490 733
1 733
340 733
629 733
207 733
134 733
349 733
182 733
61 734
23 734
152 734
601 734
722 734
114 735
539 735
75 736
383 736
722 736
679 736
406 736
345 737
331 738
140 738
162 738
448 738
665 739
325 739
179 739
725 739
576 739
711 739
629 739
229 740
682 740
604 740
180 740
388 740
706 741
302 741
131 741
182 741
582 743
34 743
187 743
617 743
326 743
627 743
655 744
580 744
107 744
145 745
340 745
80 745
244 745
356 745
328 745
172 745
726 746
458 747
12 747
272 747
215 747
256 747
359 748
111 749
738 749
2 749
50 749
449 750
430 750
171 750
424 750
505 750
388 750
560 751
385 751
104 751
491 751
592 751
167 752
463 752
76 752
21 754
327 754
268 754
108 754
351 755
385 756
165 756
561 757
347 758
722 759
32 759
442 759
670 759
169 759
622 759
445 759
55 760
104 760
211 761
195 761
420 761
714 761
568 761
272 762
677 762
289 762
305 762
244 762
99 762
51 762
403 762
503 763
158 763
56 763
370 763
4 763
438 763
90 763
302 763
205 764
100 764
27 764
212 764
175 764
654 764
299 764
485 765
316 766
483 767
501 767
677 767
272 767
94 767
658 767
397 768
190 768
380 768
391 768
379 768
192 768
457 768
46 768
451 769
477 769
270 769
232 769
578 770
64 770
155 770
714 770
88 771
555 772
424 772
604 772
233 772
567 772
536 774
429 774
549 774
704 774
487 774
587 774
488 775
307 775
81 775
732 776
36 776
515 776
585 776
530 776
586 776
124 777
776 777
178 778
172 778
217 778
198 778
130 778
44 778
434 778
700 779
207 780
643 780
152 780
610 780
265 780
328 780
90 781
570 782
407 782
566 782
334 782
283 782
533 782
13 783
718 783
639 783
602 783
536 783
430 783
116 783
154 784
152 784
581 784
603 784
597 784
777 784
109 785
293 786
353 787
421 787
271 787
393 787
671 787
498 787
586 787
624 787
39 788
177 788
283 788
413 788
148 788
634 788
624 788
40 789
406 789
340 789
708 789
244 789
51 789
276 790
382 790
21 790
346 790
311 790
319 790
288 790
713 791
702 791
101 791
234 791
138 791
308 791
762 791
329 792
276 792
747 792
427 792
620 792
662 792
92 792
453 793
217 793
417 793
778 794
529 794
383 794
58 794
528 794
163 794
68 794
727 795
519 795
414 795
139 795
583 796
30 796
178 796
198 796
206 796
60 796
256 796
34 796
52 797
370 797
722 797
204 797
281 797
378 797
476 797
407 798
651 798
127 798
698 798
32 798
248 798
382 798
501 798
182 799
486 799
601 799
565 799
359 799
353 799
168 799
767 800
706 800
93 800
292 800
51 802
167 802
586 802
799 802
220 802
227 802
694 803
212 803
276 803
526 804
21 804
800 804
786 804
699 804
10 804
136 805
663 805
178 805
616 805
9 805
230 805
259 805
730 806
727 806
659 806
282 806
386 807
358 807
471 807
259 807
224 807
478 807
694 808
534 808
639 808
407 808
8 809
679 810
384 810
575 810
663 810
609 810
624 810
290 810
306 810
494 811
345 812
656 813
333 813
284 813
268 813
193 814
154 814
530 814
784 814
59 815
615 815
414 815
698 816
144 816
739 816
27 816
672 816
303 817
266 817
429 817
415 817
398 817
755 817
37 817
352 818
744 818
731 818
703 819
548 819
654 819
688 820
368 820
520 820
308 820
175 820
674 820
572 820
301 821
100 821
132 822
759 822
265 822
743 822
573 822
782 822
188 822
671 823
92 823
228 823
364 823
229 823
431 824
808 824
340 824
381 824
600 825
302 825
475 825
121 825
55 826
650 826
598 826
595 826
636 826
73 826
484 826
513 827
123 827
698 827
543 828
306 828
424 828
56 828
155 828
141 828
351 829
420 829
584 829
147 830
324 830
733 830
185 830
798 830
83 830
500 830
647 831
182 831
321 831
650 831
60 831
281 833
215 833
780 833
793 833
173 833
591 833
783 833
502 834
805 834
133 835
649 836
440 836
414 836
489 836
393 836
5 836
205 838
749 838
383 838
15 838
330 838
776 838
544 838
196 838
232 841
711 841
353 841
133 842
106 842
393 842
516 842
172 843
67 843
47 843
306 843
467 844
746 844
533 844
611 844
346 845
445 845
704 845
138 845
351 845
502 845
368 845
769 845
169 846
832 846
414 846
230 848
745 848
135 848
752 849
23 849
604 849
174 850
127 850
376 850
729 850
667 850
812 850
39 850
385 850
790 851
548 851
639 851
50 851
670 853
427 856
390 857
127 857
561 857
259 857
486 857
719 857
157 857
712 858
703 858
646 858
431 860
678 860
104 860
679 860
277 861
638 861
621 861
718 861
141 861
429 861
851 861
108 861
737 862
633 862
121 862
290 862
117 862
804 862
109 862
510 862
624 863
205 863
797 863
852 864
536 864
207 864
367 864
303 865
165 865
41 865
562 865
509 865
213 865
339 866
241 866
3 866
14 866
688 866
92 866
114 866
153 867
93 867
799 867
524 867
77 867
741 867
104 867
660 868
237 868
468 868
304 868
476 869
52 869
103 869
833 869
41 870
298 870
821 871
694 871
321 871
437 871
757 871
98 872
680 875
663 875
337 876
367 876
637 877
275 877
751 877
96 877
382 877
835 877
351 877
117 878
411 878
468 879
279 879
856 879
395 879
707 879
872 879
820 880
432 880
665 880
817 880
171 880
116 880
136 880
107 882
427 882
822 883
583 883
695 883
449 883
186 883
626 883
389 883
627 884
30 884
701 884
859 884
745 884
495 885
500 885
422 886
48 887
65 887
268 887
671 887
322 887
13 887
722 887
786 888
762 888
591 888
742 888
579 888
230 888
686 888
347 888
536 889
705 889
718 889
634 889
98 889
444 889
678 889
745 889
494 890
355 890
680 890
153 891
860 891
847 891
572 891
628 891
56 891
518 893
870 893
873 894
508 894
891 894
170 894
77 894
770 894
504 894
247 895
339 895
285 895
52 895
520 895
564 896
659 896
388 896
837 897
241 897
81 897
471 897
455 897
821 897
91 898
878 898
511 898
458 898
324 898
122 898
510 898
414 900
37 901
571 901
563 901
1 901
846 901
94 901
521 902
576 902
212 902
671 902
350 903
373 903
846 903
56 903
837 903
229 903
865 903
340 904
574 904
786 904
635 904
615 904
485 904
734 904
734 905
464 905
117 905
100 905
778 905
3 906
350 906
364 906
561 907
535 907
383 907
719 907
47 908
505 909
144 909
110 910
261 910
626 910
201 910
193 910
124 910
221 911
469 911
845 911
801 911
196 911
734 911
111 912
776 912
425 912
48 912
649 912
791 913
469 914
675 914
604 914
517 914
138 914
511 914
5 914
754 915
50 915
567 915
444 915
859 915
600 915
495 915
521 915
709 916
593 916
749 917
835 917
107 918
397 918
517 919
903 919
394 919
429 919
624 919
281 920
408 920
352 920
464 921
825 921
137 921
142 921
617 922
717 922
908 922
767 922
525 922
307 922
882 923
322 923
729 923
755 923
567 923
648 923
223 923
206 923
640 924
732 924
298 924
689 925
136 925
728 925
666 925
183 925
556 926
711 926
653 926
331 926
728 926
119 926
780 926
361 926
492 927
597 927
585 927
684 927
728 927
428 927
691 927
766 927
293 928
899 928
868 928
433 928
828 928
14 928
536 928
110 928
149 930
55 930
687 930
58 930
205 930
274 930
294 931
700 931
150 932
860 932
64 932
708 932
209 933
772 933
555 933
34 933
834 934
464 934
105 934
631 934
889 934
886 935
230 935
761 935
663 935
575 935
399 935
244 935
524 935
710 936
681 936
49 936
391 936
427 937
808 937
702 937
321 937
566 937
56 937
208 939
636 939
890 939
800 939
850 940
231 940
934 940
649 940
722 940
727 940
664 940
774 941
603 941
560 941
757 941
618 941
795 942
743 942
199 942
460 943
182 943
700 943
77 943
178 944
753 944
123 945
387 945
42 945
439 945
286 945
570 945
271 945
134 945
599 946
867 946
6 947
339 947
478 947
727 947
41 948
158 948
612 949
53 949
793 949
641 949
631 949
503 950
809 950
587 950
564 950
75 951
803 951
725 951
326 951
539 951
189 952
534 952
70 952
164 953
426 953
557 953
550 953
414 953
95 953
358 953
227 953
680 954
340 954
370 954
224 955
771 955
634 955
544 955
575 956
844 956
771 956
665 956
10 956
118 956
685 956
457 957
247 957
927 957
658 957
629 957
41 958
699 958
907 958
391 959
938 959
816 959
117 959
396 959
554 960
742 960
290 960
26 960
842 961
789 961
384 961
527 961
823 961
521 961
457 961
499 961
920 963
668 963
198 963
329 963
85 964
99 964
172 964
792 964
551 964
547 964
8 964
642 964
216 965
886 966
702 966
435 966
211 967
849 968
720 968
900 968
760 968
794 968
446 968
663 968
837 968
765 969
25 970
471 970
39 971
90 971
76 971
56 971
183 971
572 972
73 972
589 972
842 972
933 973
265 973
418 973
462 974
646 974
415 974
444 974
324 974
18 974
690 975
122 975
548 975
7 975
657 975
738 975
775 976
367 978
109 979
297 979
806 979
703 979
309 979
622 979
89 979
289 979
391 980
405 980
842 980
677 980
32 980
486 980
161 980
226 981
140 981
765 981
401 981
816 981
817 981
870 981
559 981
650 982
148 982
306 982
694 982
981 983
973 983
12 983
567 983
896 983
145 984
127 984
43 984
6 984
587 984
611 984
404 984
551 984
970 985
88 985
313 985
216 985
767 985
760 985
926 985
744 985
217 986
423 986
928 986
662 986
872 986
146 987
165 987
189 987
227 987
632 987
855 987
259 987
199 987
186 988
473 990
661 990
563 990
75 990
298 990
688 990
69 990
257 990
203 991
975 992
339 992
366 992
132 992
688 992
672 992
241 992
292 993
922 994
326 995
498 995
462 995
632 996
676 996
314 996
711 996
599 996
580 997
581 997
828 998
324 998
982 998
439 998
173 998
253 1000
805 1000
227 1000
730 1000
758 1000
